I_tot,I_detected,t_first_detection,I_t_detection
1,1,5.1000000000000005,1.0
1,1,3.1,1.0
1,1,6.1000000000000005,1.0
1,1,10.100000000000001,1.0
2,1,3.1,2.0
1,1,5.1000000000000005,1.0
1,0,NaN,NaN
1,1,6.1000000000000005,1.0
1,0,NaN,NaN
1,0,NaN,NaN
1,1,2.1,1.0
1,0,NaN,NaN
4,4,4.1000000000000005,3.0
1,0,NaN,NaN
1,1,7.1000000000000005,1.0
1,0,NaN,NaN
10,9,11.100000000000001,10.0
16,6,4.1000000000000005,3.0
1,1,4.1000000000000005,1.0
1,0,NaN,NaN
2,0,NaN,NaN
1,1,6.1000000000000005,1.0
1,0,NaN,NaN
1,1,5.1000000000000005,1.0
1,0,NaN,NaN
1,1,7.1000000000000005,1.0
2,2,7.1000000000000005,2.0
1,0,NaN,NaN
1,0,NaN,NaN
1,1,4.1000000000000005,1.0
14,11,17.1,10.0
1,0,NaN,NaN
1,1,9.1,1.0
1,0,NaN,NaN
1,0,NaN,NaN
1,0,NaN,NaN
1,1,7.1000000000000005,1.0
1,1,7.1000000000000005,1.0
4,3,9.1,3.0
1,0,NaN,NaN
1,1,13.100000000000001,1.0
1,0,NaN,NaN
1,0,NaN,NaN
39,36,4.1000000000000005,7.0
1,0,NaN,NaN
1,0,NaN,NaN
1,0,NaN,NaN
1,0,NaN,NaN
1,0,NaN,NaN
1,1,9.1,1.0
1,1,8.1,1.0
1,0,NaN,NaN
2,1,19.1,2.0
1,1,4.1000000000000005,1.0
1,0,NaN,NaN
1,1,5.1000000000000005,1.0
1,1,9.1,1.0
1,1,7.1000000000000005,1.0
1,1,10.100000000000001,1.0
1,1,7.1000000000000005,1.0
8,8,7.1000000000000005,7.0
1,0,NaN,NaN
31,22,11.100000000000001,12.0
1,0,NaN,NaN
3,2,6.1000000000000005,2.0
1,1,10.100000000000001,1.0
1,1,6.1000000000000005,1.0
1,0,NaN,NaN
1,0,NaN,NaN
1,0,NaN,NaN
1,1,7.1000000000000005,1.0
1,0,NaN,NaN
1,0,NaN,NaN
5,2,6.1000000000000005,4.0
2,1,14.100000000000001,2.0
4,3,4.1000000000000005,3.0
1,1,7.1000000000000005,1.0
1,0,NaN,NaN
1,1,6.1000000000000005,1.0
1,1,9.1,1.0
17,6,9.1,9.0
1,1,4.1000000000000005,1.0
1,1,14.100000000000001,1.0
1,1,4.1000000000000005,1.0
3,2,20.1,3.0
1,1,6.1000000000000005,1.0
1,0,NaN,NaN
2,1,17.1,2.0
1,1,8.1,1.0
1,1,5.1000000000000005,1.0
1,0,NaN,NaN
1,0,NaN,NaN
1,1,8.1,1.0
1,1,9.1,1.0
1,0,NaN,NaN
1,0,NaN,NaN
1,1,14.100000000000001,1.0
1,1,5.1000000000000005,1.0
2,1,7.1000000000000005,2.0
1,1,13.100000000000001,1.0
1,0,NaN,NaN
1,0,NaN,NaN
18,16,14.100000000000001,9.0
1,1,4.1000000000000005,1.0
1,0,NaN,NaN
1,0,NaN,NaN
4,4,15.100000000000001,2.0
1,0,NaN,NaN
1,0,NaN,NaN
1,0,NaN,NaN
1,1,6.1000000000000005,1.0
1,1,14.100000000000001,1.0
1,0,NaN,NaN
1,0,NaN,NaN
1,0,NaN,NaN
1,1,15.100000000000001,1.0
1,1,7.1000000000000005,1.0
1,0,NaN,NaN
1,1,7.1000000000000005,1.0
1,0,NaN,NaN
1,1,9.1,1.0
4,0,NaN,NaN
1,0,NaN,NaN
4,3,5.1000000000000005,3.0
1,1,6.1000000000000005,1.0
1,0,NaN,NaN
3,0,NaN,NaN
1,1,15.100000000000001,1.0
1,0,NaN,NaN
1,0,NaN,NaN
1,0,NaN,NaN
1,0,NaN,NaN
1,1,9.1,1.0
1,1,9.1,1.0
1,0,NaN,NaN
1,1,8.1,1.0
1,1,10.100000000000001,1.0
1,0,NaN,NaN
1,0,NaN,NaN
1,1,7.1000000000000005,1.0
1,1,9.1,1.0
1,0,NaN,NaN
1,1,8.1,1.0
1,0,NaN,NaN
1,0,NaN,NaN
3,1,13.100000000000001,3.0
1,0,NaN,NaN
2,2,7.1000000000000005,2.0
1,1,6.1000000000000005,1.0
1,0,NaN,NaN
1,1,7.1000000000000005,1.0
1,1,5.1000000000000005,1.0
1,0,NaN,NaN
1,1,5.1000000000000005,1.0
1,1,10.100000000000001,1.0
1,1,4.1000000000000005,1.0
1,0,NaN,NaN
1,0,NaN,NaN
1,1,15.100000000000001,1.0
1,0,NaN,NaN
1,0,NaN,NaN
1,0,NaN,NaN
1,1,6.1000000000000005,1.0
1,1,12.100000000000001,1.0
8,6,7.1000000000000005,8.0
1,0,NaN,NaN
1,0,NaN,NaN
2,2,1.1,2.0
1,1,5.1000000000000005,1.0
1,0,NaN,NaN
1,0,NaN,NaN
1,1,5.1000000000000005,1.0
1,1,7.1000000000000005,1.0
14,10,9.1,7.0
1,1,10.100000000000001,1.0
4,1,17.1,4.0
1,1,7.1000000000000005,1.0
2,2,8.1,2.0
1,1,8.1,1.0
2,0,NaN,NaN
1,0,NaN,NaN
1,1,7.1000000000000005,1.0
2,0,NaN,NaN
1,0,NaN,NaN
1,0,NaN,NaN
4,1,24.1,4.0
1,1,6.1000000000000005,1.0
1,1,9.1,1.0
1,1,8.1,1.0
1,1,4.1000000000000005,1.0
6,5,10.100000000000001,3.0
4,2,15.100000000000001,4.0
1,0,NaN,NaN
1,1,13.100000000000001,1.0
1,0,NaN,NaN
7,3,8.1,6.0
1,0,NaN,NaN
1,1,14.100000000000001,1.0
1,1,7.1000000000000005,1.0
1,0,NaN,NaN
1,1,8.1,1.0
3,2,10.100000000000001,3.0
2,1,7.1000000000000005,2.0
2,1,3.1,2.0
4,1,29.1,4.0
1,1,8.1,1.0
1,1,6.1000000000000005,1.0
1,0,NaN,NaN
1,1,3.1,1.0
5,1,9.1,5.0
1,0,NaN,NaN
1,1,3.1,1.0
1,0,NaN,NaN
1,1,5.1000000000000005,1.0
1,0,NaN,NaN
11,6,5.1000000000000005,5.0
1,1,12.100000000000001,1.0
1,0,NaN,NaN
1,0,NaN,NaN
1,0,NaN,NaN
6,3,11.100000000000001,4.0
1,0,NaN,NaN
1,1,5.1000000000000005,1.0
1,0,NaN,NaN
3,2,13.100000000000001,3.0
1,0,NaN,NaN
1,0,NaN,NaN
1,1,10.100000000000001,1.0
1,0,NaN,NaN
1,0,NaN,NaN
1,1,10.100000000000001,1.0
1,1,5.1000000000000005,1.0
1,0,NaN,NaN
1,1,3.1,1.0
1,1,7.1000000000000005,1.0
1,0,NaN,NaN
1,1,7.1000000000000005,1.0
1,0,NaN,NaN
4,2,10.100000000000001,4.0
1,0,NaN,NaN
1,0,NaN,NaN
1,0,NaN,NaN
1,0,NaN,NaN
1,1,5.1000000000000005,1.0
9,9,6.1000000000000005,5.0
1,0,NaN,NaN
1,1,6.1000000000000005,1.0
1,1,5.1000000000000005,1.0
3,3,4.1000000000000005,2.0
12,12,6.1000000000000005,7.0
1,0,NaN,NaN
1,0,NaN,NaN
33,25,4.1000000000000005,5.0
1,1,4.1000000000000005,1.0
1,0,NaN,NaN
1,1,10.100000000000001,1.0
1,1,8.1,1.0
1,0,NaN,NaN
1,1,7.1000000000000005,1.0
3,1,14.100000000000001,3.0
1,0,NaN,NaN
1,1,5.1000000000000005,1.0
1,1,9.1,1.0
1,1,8.1,1.0
1,0,NaN,NaN
1,1,11.100000000000001,1.0
2,2,8.1,1.0
1,1,6.1000000000000005,1.0
4,3,7.1000000000000005,4.0
2,1,16.1,2.0
1,0,NaN,NaN
1,1,9.1,1.0
1,1,12.100000000000001,1.0
1,0,NaN,NaN
1,1,4.1000000000000005,1.0
1,0,NaN,NaN
4,2,9.1,4.0
1,1,4.1000000000000005,1.0
2,1,24.1,2.0
1,0,NaN,NaN
1,1,5.1000000000000005,1.0
1,1,8.1,1.0
1,0,NaN,NaN
1,0,NaN,NaN
3,3,4.1000000000000005,2.0
9,6,8.1,8.0
1,1,7.1000000000000005,1.0
1,1,13.100000000000001,1.0
1,0,NaN,NaN
1,0,NaN,NaN
8,5,12.100000000000001,8.0
1,1,14.100000000000001,1.0
2,0,NaN,NaN
24,12,9.1,5.0
1,1,9.1,1.0
1,0,NaN,NaN
2,1,9.1,2.0
1,0,NaN,NaN
1,0,NaN,NaN
1,0,NaN,NaN
1,0,NaN,NaN
1,1,4.1000000000000005,1.0
7,3,10.100000000000001,7.0
1,1,7.1000000000000005,1.0
3,3,10.100000000000001,3.0
1,1,11.100000000000001,1.0
1,0,NaN,NaN
4,4,5.1000000000000005,3.0
1,0,NaN,NaN
1,0,NaN,NaN
1,0,NaN,NaN
1,1,5.1000000000000005,1.0
9,1,2.1,1.0
1,0,NaN,NaN
11,8,17.1,9.0
1,1,8.1,1.0
1,1,14.100000000000001,1.0
1,0,NaN,NaN
1,1,7.1000000000000005,1.0
1,1,9.1,1.0
46,32,15.100000000000001,8.0
4,1,19.1,4.0
1,0,NaN,NaN
3,1,19.1,3.0
1,0,NaN,NaN
1,1,4.1000000000000005,1.0
1,1,4.1000000000000005,1.0
1,0,NaN,NaN
1,0,NaN,NaN
1,1,8.1,1.0
2,1,6.1000000000000005,1.0
1,1,6.1000000000000005,1.0
1,1,6.1000000000000005,1.0
1,1,7.1000000000000005,1.0
1,1,3.1,1.0
1,1,8.1,1.0
1,0,NaN,NaN
1,1,8.1,1.0
1,0,NaN,NaN
4,4,4.1000000000000005,4.0
5,4,10.100000000000001,4.0
1,1,6.1000000000000005,1.0
1,1,7.1000000000000005,1.0
1,1,6.1000000000000005,1.0
1,1,7.1000000000000005,1.0
1,0,NaN,NaN
1,0,NaN,NaN
1,0,NaN,NaN
1,0,NaN,NaN
44,33,8.1,9.0
1,1,7.1000000000000005,1.0
1,1,3.1,1.0
1,1,8.1,1.0
1,0,NaN,NaN
1,1,7.1000000000000005,1.0
1,1,3.1,1.0
1,0,NaN,NaN
2,2,4.1000000000000005,1.0
17,17,6.1000000000000005,4.0
1,0,NaN,NaN
1,1,3.1,1.0
1,1,9.1,1.0
1,1,4.1000000000000005,1.0
1,0,NaN,NaN
1,0,NaN,NaN
1,0,NaN,NaN
5,4,5.1000000000000005,2.0
1,1,5.1000000000000005,1.0
1,0,NaN,NaN
1,1,8.1,1.0
5,0,NaN,NaN
1,1,6.1000000000000005,1.0
5,2,4.1000000000000005,5.0
1,0,NaN,NaN
1,1,8.1,1.0
3,2,6.1000000000000005,3.0
1,0,NaN,NaN
1,0,NaN,NaN
1,1,8.1,1.0
1,0,NaN,NaN
1,0,NaN,NaN
1,0,NaN,NaN
1,0,NaN,NaN
1,1,8.1,1.0
1,0,NaN,NaN
1,0,NaN,NaN
1,1,14.100000000000001,1.0
1,1,8.1,1.0
1,1,8.1,1.0
1,0,NaN,NaN
1,0,NaN,NaN
2,1,10.100000000000001,2.0
1,1,6.1000000000000005,1.0
2,0,NaN,NaN
2,1,6.1000000000000005,1.0
1,1,8.1,1.0
2,1,9.1,2.0
1,1,5.1000000000000005,1.0
1,1,10.100000000000001,1.0
1,0,NaN,NaN
1,0,NaN,NaN
1,1,8.1,1.0
3,2,8.1,3.0
5,3,6.1000000000000005,1.0
1,1,7.1000000000000005,1.0
1,1,7.1000000000000005,1.0
1,0,NaN,NaN
2,1,7.1000000000000005,2.0
5,1,16.1,5.0
1,0,NaN,NaN
1,1,5.1000000000000005,1.0
1,0,NaN,NaN
4,3,6.1000000000000005,2.0
2,0,NaN,NaN
1,0,NaN,NaN
10,4,9.1,4.0
1,1,7.1000000000000005,1.0
1,0,NaN,NaN
1,1,7.1000000000000005,1.0
1,0,NaN,NaN
1,1,5.1000000000000005,1.0
2,0,NaN,NaN
1,1,5.1000000000000005,1.0
1,1,5.1000000000000005,1.0
1,1,12.100000000000001,1.0
1,1,13.100000000000001,1.0
6,5,5.1000000000000005,2.0
3,2,15.100000000000001,3.0
1,1,7.1000000000000005,1.0
1,1,5.1000000000000005,1.0
2,0,NaN,NaN
1,1,8.1,1.0
1,0,NaN,NaN
1,0,NaN,NaN
1,0,NaN,NaN
16,9,9.1,9.0
1,0,NaN,NaN
1,1,7.1000000000000005,1.0
1,1,13.100000000000001,1.0
1,1,8.1,1.0
1,0,NaN,NaN
1,1,6.1000000000000005,1.0
1,1,4.1000000000000005,1.0
1,0,NaN,NaN
1,1,7.1000000000000005,1.0
1,1,7.1000000000000005,1.0
1,1,8.1,1.0
1,1,4.1000000000000005,1.0
2,1,8.1,2.0
4,3,4.1000000000000005,3.0
2,1,7.1000000000000005,2.0
1,0,NaN,NaN
1,1,10.100000000000001,1.0
1,1,11.100000000000001,1.0
1,0,NaN,NaN
1,0,NaN,NaN
1,0,NaN,NaN
1,0,NaN,NaN
1,1,4.1000000000000005,1.0
6,4,5.1000000000000005,2.0
9,4,14.100000000000001,2.0
1,1,7.1000000000000005,1.0
1,1,8.1,1.0
1,0,NaN,NaN
2,2,9.1,1.0
1,0,NaN,NaN
1,1,5.1000000000000005,1.0
19,10,5.1000000000000005,2.0
1,0,NaN,NaN
8,3,11.100000000000001,7.0
1,1,6.1000000000000005,1.0
1,1,12.100000000000001,1.0
7,4,7.1000000000000005,3.0
1,1,8.1,1.0
1,0,NaN,NaN
1,0,NaN,NaN
1,0,NaN,NaN
1,1,10.100000000000001,1.0
1,0,NaN,NaN
1,1,10.100000000000001,1.0
1,0,NaN,NaN
8,4,6.1000000000000005,5.0
1,0,NaN,NaN
1,1,4.1000000000000005,1.0
1,1,8.1,1.0
16,11,10.100000000000001,5.0
1,0,NaN,NaN
11,8,4.1000000000000005,8.0
1,1,8.1,1.0
1,1,9.1,1.0
1,1,5.1000000000000005,1.0
1,1,3.1,1.0
1,1,6.1000000000000005,1.0
1,0,NaN,NaN
1,1,7.1000000000000005,1.0
2,1,13.100000000000001,2.0
1,0,NaN,NaN
1,1,9.1,1.0
12,12,5.1000000000000005,1.0
1,0,NaN,NaN
1,1,7.1000000000000005,1.0
1,1,4.1000000000000005,1.0
1,0,NaN,NaN
6,2,14.100000000000001,4.0
1,0,NaN,NaN
10,4,14.100000000000001,5.0
3,0,NaN,NaN
1,0,NaN,NaN
1,1,6.1000000000000005,1.0
1,0,NaN,NaN
1,1,5.1000000000000005,1.0
1,0,NaN,NaN
2,0,NaN,NaN
1,1,8.1,1.0
1,1,6.1000000000000005,1.0
1,1,5.1000000000000005,1.0
2,1,7.1000000000000005,2.0
1,1,8.1,1.0
1,0,NaN,NaN
14,7,9.1,9.0
11,4,12.100000000000001,8.0
1,1,7.1000000000000005,1.0
1,0,NaN,NaN
1,1,8.1,1.0
1,0,NaN,NaN
1,1,11.100000000000001,1.0
27,26,11.100000000000001,5.0
2,0,NaN,NaN
5,3,14.100000000000001,5.0
1,1,4.1000000000000005,1.0
1,1,8.1,1.0
1,0,NaN,NaN
4,3,7.1000000000000005,3.0
1,1,8.1,1.0
1,1,8.1,1.0
1,1,5.1000000000000005,1.0
1,0,NaN,NaN
1,0,NaN,NaN
1,0,NaN,NaN
1,1,7.1000000000000005,1.0
1,0,NaN,NaN
1,0,NaN,NaN
1,0,NaN,NaN
1,1,8.1,1.0
13,4,13.100000000000001,3.0
5,2,8.1,5.0
2,1,10.100000000000001,2.0
1,1,4.1000000000000005,1.0
1,0,NaN,NaN
1,0,NaN,NaN
1,0,NaN,NaN
1,1,4.1000000000000005,1.0
1,1,4.1000000000000005,1.0
4,3,16.1,4.0
1,0,NaN,NaN
1,0,NaN,NaN
1,0,NaN,NaN
1,0,NaN,NaN
1,1,9.1,1.0
1,0,NaN,NaN
1,0,NaN,NaN
1,1,7.1000000000000005,1.0
4,3,10.100000000000001,3.0
2,1,12.100000000000001,2.0
1,0,NaN,NaN
1,1,7.1000000000000005,1.0
4,1,19.1,4.0
12,8,14.100000000000001,7.0
1,1,8.1,1.0
1,0,NaN,NaN
1,0,NaN,NaN
1,1,7.1000000000000005,1.0
1,1,5.1000000000000005,1.0
1,1,5.1000000000000005,1.0
1,1,7.1000000000000005,1.0
3,2,3.1,1.0
1,0,NaN,NaN
1,0,NaN,NaN
1,1,14.100000000000001,1.0
1,1,8.1,1.0
1,0,NaN,NaN
1,0,NaN,NaN
1,0,NaN,NaN
1,0,NaN,NaN
1,0,NaN,NaN
1,0,NaN,NaN
1,1,5.1000000000000005,1.0
1,1,6.1000000000000005,1.0
2,2,6.1000000000000005,1.0
1,1,7.1000000000000005,1.0
1,0,NaN,NaN
1,0,NaN,NaN
1,1,9.1,1.0
1,1,7.1000000000000005,1.0
1,1,10.100000000000001,1.0
1,0,NaN,NaN
1,0,NaN,NaN
2,1,5.1000000000000005,2.0
1,0,NaN,NaN
1,1,6.1000000000000005,1.0
1,1,7.1000000000000005,1.0
12,5,13.100000000000001,12.0
1,1,3.1,1.0
1,1,6.1000000000000005,1.0
1,1,6.1000000000000005,1.0
1,0,NaN,NaN
6,4,4.1000000000000005,3.0
1,1,7.1000000000000005,1.0
1,0,NaN,NaN
3,2,5.1000000000000005,2.0
1,0,NaN,NaN
1,1,14.100000000000001,1.0
1,1,7.1000000000000005,1.0
1,0,NaN,NaN
1,0,NaN,NaN
9,7,14.100000000000001,5.0
1,1,7.1000000000000005,1.0
2,1,6.1000000000000005,2.0
2,2,13.100000000000001,2.0
1,0,NaN,NaN
1,1,14.100000000000001,1.0
1,1,8.1,1.0
1,1,4.1000000000000005,1.0
1,1,5.1000000000000005,1.0
3,1,5.1000000000000005,2.0
7,3,12.100000000000001,7.0
31,26,13.100000000000001,18.0
34,27,10.100000000000001,8.0
1,0,NaN,NaN
1,0,NaN,NaN
1,0,NaN,NaN
1,1,8.1,1.0
1,0,NaN,NaN
1,1,7.1000000000000005,1.0
2,1,10.100000000000001,2.0
1,0,NaN,NaN
1,1,8.1,1.0
1,1,4.1000000000000005,1.0
1,0,NaN,NaN
1,1,6.1000000000000005,1.0
1,0,NaN,NaN
1,1,4.1000000000000005,1.0
1,0,NaN,NaN
1,1,7.1000000000000005,1.0
1,1,3.1,1.0
1,0,NaN,NaN
1,0,NaN,NaN
1,1,3.1,1.0
1,1,10.100000000000001,1.0
1,1,7.1000000000000005,1.0
1,0,NaN,NaN
1,0,NaN,NaN
1,0,NaN,NaN
1,1,5.1000000000000005,1.0
4,1,9.1,4.0
1,1,6.1000000000000005,1.0
1,1,3.1,1.0
1,0,NaN,NaN
1,1,7.1000000000000005,1.0
1,1,10.100000000000001,1.0
1,1,14.100000000000001,1.0
1,0,NaN,NaN
1,1,8.1,1.0
1,1,6.1000000000000005,1.0
1,0,NaN,NaN
1,1,4.1000000000000005,1.0
1,0,NaN,NaN
1,0,NaN,NaN
3,2,9.1,3.0
1,1,7.1000000000000005,1.0
1,0,NaN,NaN
1,1,8.1,1.0
1,1,7.1000000000000005,1.0
15,15,8.1,2.0
9,3,10.100000000000001,8.0
1,1,5.1000000000000005,1.0
1,1,7.1000000000000005,1.0
10,6,3.1,2.0
1,1,11.100000000000001,1.0
10,9,9.1,10.0
1,1,2.1,1.0
1,0,NaN,NaN
1,0,NaN,NaN
4,3,4.1000000000000005,2.0
1,1,6.1000000000000005,1.0
1,0,NaN,NaN
1,1,6.1000000000000005,1.0
1,1,5.1000000000000005,1.0
3,2,6.1000000000000005,3.0
1,1,8.1,1.0
38,28,10.100000000000001,31.0
22,19,20.1,13.0
1,0,NaN,NaN
1,0,NaN,NaN
33,20,7.1000000000000005,7.0
1,1,2.1,1.0
1,1,7.1000000000000005,1.0
1,1,8.1,1.0
12,10,8.1,4.0
1,1,7.1000000000000005,1.0
1,1,6.1000000000000005,1.0
1,0,NaN,NaN
1,0,NaN,NaN
1,1,6.1000000000000005,1.0
1,1,13.100000000000001,1.0
1,1,7.1000000000000005,1.0
1,1,8.1,1.0
1,0,NaN,NaN
1,0,NaN,NaN
1,0,NaN,NaN
1,0,NaN,NaN
1,1,3.1,1.0
1,1,4.1000000000000005,1.0
1,1,7.1000000000000005,1.0
1,1,15.100000000000001,1.0
2,0,NaN,NaN
1,0,NaN,NaN
1,0,NaN,NaN
1,0,NaN,NaN
1,1,6.1000000000000005,1.0
1,0,NaN,NaN
1,0,NaN,NaN
1,1,7.1000000000000005,1.0
1,1,9.1,1.0
3,1,15.100000000000001,3.0
13,5,6.1000000000000005,5.0
2,1,7.1000000000000005,2.0
4,2,12.100000000000001,4.0
1,0,NaN,NaN
1,1,6.1000000000000005,1.0
1,0,NaN,NaN
1,0,NaN,NaN
1,1,5.1000000000000005,1.0
1,1,9.1,1.0
3,2,14.100000000000001,3.0
1,0,NaN,NaN
1,0,NaN,NaN
1,1,8.1,1.0
1,0,NaN,NaN
1,1,11.100000000000001,1.0
2,1,2.1,2.0
1,0,NaN,NaN
1,0,NaN,NaN
1,0,NaN,NaN
1,0,NaN,NaN
1,1,5.1000000000000005,1.0
1,0,NaN,NaN
1,1,7.1000000000000005,1.0
1,0,NaN,NaN
10,3,14.100000000000001,6.0
1,1,8.1,1.0
1,0,NaN,NaN
1,1,4.1000000000000005,1.0
1,0,NaN,NaN
1,1,3.1,1.0
11,10,8.1,9.0
11,5,4.1000000000000005,4.0
1,1,5.1000000000000005,1.0
1,1,11.100000000000001,1.0
1,1,3.1,1.0
1,0,NaN,NaN
1,0,NaN,NaN
1,0,NaN,NaN
1,0,NaN,NaN
1,0,NaN,NaN
1,0,NaN,NaN
2,2,6.1000000000000005,2.0
13,8,3.1,2.0
5,3,8.1,3.0
1,1,8.1,1.0
3,3,10.100000000000001,1.0
1,1,8.1,1.0
1,1,5.1000000000000005,1.0
1,1,6.1000000000000005,1.0
1,0,NaN,NaN
1,0,NaN,NaN
3,3,5.1000000000000005,3.0
1,1,3.1,1.0
1,1,7.1000000000000005,1.0
1,1,7.1000000000000005,1.0
1,1,8.1,1.0
3,3,5.1000000000000005,2.0
9,6,10.100000000000001,9.0
1,1,7.1000000000000005,1.0
1,0,NaN,NaN
1,1,4.1000000000000005,1.0
1,0,NaN,NaN
1,1,10.100000000000001,1.0
1,0,NaN,NaN
1,1,6.1000000000000005,1.0
2,2,7.1000000000000005,2.0
1,0,NaN,NaN
38,29,6.1000000000000005,5.0
1,1,12.100000000000001,1.0
1,1,5.1000000000000005,1.0
1,0,NaN,NaN
2,0,NaN,NaN
2,1,8.1,2.0
1,0,NaN,NaN
1,0,NaN,NaN
1,1,8.1,1.0
1,1,8.1,1.0
1,0,NaN,NaN
1,0,NaN,NaN
1,1,14.100000000000001,1.0
26,14,12.100000000000001,7.0
1,1,12.100000000000001,1.0
1,0,NaN,NaN
1,1,9.1,1.0
1,0,NaN,NaN
1,1,9.1,1.0
1,0,NaN,NaN
1,1,9.1,1.0
1,1,13.100000000000001,1.0
1,1,4.1000000000000005,1.0
7,2,15.100000000000001,6.0
1,1,12.100000000000001,1.0
1,0,NaN,NaN
1,1,6.1000000000000005,1.0
7,3,7.1000000000000005,3.0
1,0,NaN,NaN
1,1,5.1000000000000005,1.0
1,0,NaN,NaN
1,1,7.1000000000000005,1.0
1,1,6.1000000000000005,1.0
1,0,NaN,NaN
6,3,14.100000000000001,4.0
1,1,6.1000000000000005,1.0
1,0,NaN,NaN
1,0,NaN,NaN
1,0,NaN,NaN
1,1,3.1,1.0
1,1,8.1,1.0
1,1,8.1,1.0
6,5,11.100000000000001,3.0
1,0,NaN,NaN
1,1,8.1,1.0
3,2,11.100000000000001,3.0
1,0,NaN,NaN
2,2,7.1000000000000005,2.0
1,1,4.1000000000000005,1.0
13,12,9.1,11.0
1,1,5.1000000000000005,1.0
1,0,NaN,NaN
2,2,4.1000000000000005,1.0
1,0,NaN,NaN
1,0,NaN,NaN
1,1,12.100000000000001,1.0
2,2,9.1,1.0
1,1,7.1000000000000005,1.0
1,1,8.1,1.0
1,0,NaN,NaN
3,1,11.100000000000001,3.0
1,1,8.1,1.0
1,1,6.1000000000000005,1.0
1,1,6.1000000000000005,1.0
1,0,NaN,NaN
2,2,8.1,1.0
1,0,NaN,NaN
5,2,14.100000000000001,5.0
1,1,4.1000000000000005,1.0
2,0,NaN,NaN
1,1,10.100000000000001,1.0
1,0,NaN,NaN
2,1,12.100000000000001,2.0
1,1,8.1,1.0
1,1,8.1,1.0
7,3,11.100000000000001,5.0
1,0,NaN,NaN
1,1,8.1,1.0
1,0,NaN,NaN
1,1,4.1000000000000005,1.0
1,1,7.1000000000000005,1.0
2,2,6.1000000000000005,2.0
1,1,3.1,1.0
1,1,8.1,1.0
14,8,6.1000000000000005,3.0
1,1,8.1,1.0
1,0,NaN,NaN
1,1,6.1000000000000005,1.0
15,6,9.1,11.0
1,0,NaN,NaN
1,1,4.1000000000000005,1.0
3,0,NaN,NaN
1,0,NaN,NaN
1,1,24.1,1.0
1,1,6.1000000000000005,1.0
1,1,5.1000000000000005,1.0
1,1,6.1000000000000005,1.0
1,1,6.1000000000000005,1.0
1,1,8.1,1.0
1,0,NaN,NaN
2,2,2.1,1.0
1,1,9.1,1.0
5,2,5.1000000000000005,3.0
1,1,15.100000000000001,1.0
2,2,7.1000000000000005,2.0
1,0,NaN,NaN
1,1,6.1000000000000005,1.0
1,0,NaN,NaN
1,1,14.100000000000001,1.0
1,1,6.1000000000000005,1.0
1,1,7.1000000000000005,1.0
1,1,4.1000000000000005,1.0
4,2,8.1,2.0
1,0,NaN,NaN
2,2,3.1,1.0
1,0,NaN,NaN
1,1,8.1,1.0
1,1,3.1,1.0
27,26,6.1000000000000005,10.0
1,0,NaN,NaN
1,1,4.1000000000000005,1.0
4,2,7.1000000000000005,4.0
1,1,4.1000000000000005,1.0
3,2,11.100000000000001,3.0
8,1,11.100000000000001,7.0
1,0,NaN,NaN
1,0,NaN,NaN
1,1,12.100000000000001,1.0
1,0,NaN,NaN
1,0,NaN,NaN
1,1,13.100000000000001,1.0
2,1,17.1,2.0
1,1,10.100000000000001,1.0
1,1,7.1000000000000005,1.0
1,0,NaN,NaN
1,1,2.1,1.0
1,0,NaN,NaN
7,6,13.100000000000001,7.0
3,2,12.100000000000001,3.0
1,0,NaN,NaN
44,39,6.1000000000000005,1.0
1,1,4.1000000000000005,1.0
1,1,3.1,1.0
1,1,7.1000000000000005,1.0
1,1,10.100000000000001,1.0
1,1,8.1,1.0
1,0,NaN,NaN
1,1,12.100000000000001,1.0
8,4,9.1,1.0
1,0,NaN,NaN
1,1,8.1,1.0
1,0,NaN,NaN
29,21,11.100000000000001,5.0
1,1,6.1000000000000005,1.0
1,0,NaN,NaN
1,1,6.1000000000000005,1.0
1,0,NaN,NaN
1,1,5.1000000000000005,1.0
1,1,3.1,1.0
8,7,4.1000000000000005,1.0
1,1,13.100000000000001,1.0
2,1,11.100000000000001,2.0
1,0,NaN,NaN
1,1,3.1,1.0
1,1,7.1000000000000005,1.0
1,1,7.1000000000000005,1.0
1,0,NaN,NaN
1,1,3.1,1.0
1,1,9.1,1.0
1,0,NaN,NaN
1,1,15.100000000000001,1.0
1,1,14.100000000000001,1.0
5,4,8.1,4.0
2,0,NaN,NaN
7,7,9.1,3.0
1,0,NaN,NaN
3,3,13.100000000000001,3.0
2,2,4.1000000000000005,2.0
1,1,4.1000000000000005,1.0
1,1,6.1000000000000005,1.0
1,0,NaN,NaN
1,1,5.1000000000000005,1.0
1,0,NaN,NaN
3,1,15.100000000000001,3.0
18,8,6.1000000000000005,3.0
1,1,7.1000000000000005,1.0
1,0,NaN,NaN
2,2,5.1000000000000005,2.0
49,42,7.1000000000000005,6.0
1,1,7.1000000000000005,1.0
1,1,13.100000000000001,1.0
2,1,10.100000000000001,2.0
1,0,NaN,NaN
1,1,4.1000000000000005,1.0
1,1,3.1,1.0
1,1,8.1,1.0
5,5,6.1000000000000005,4.0
1,1,7.1000000000000005,1.0
1,1,8.1,1.0
1,1,7.1000000000000005,1.0
1,1,6.1000000000000005,1.0
1,0,NaN,NaN
1,1,10.100000000000001,1.0
1,1,3.1,1.0
1,0,NaN,NaN
6,3,8.1,6.0
1,1,8.1,1.0
11,7,4.1000000000000005,10.0
1,0,NaN,NaN
1,1,12.100000000000001,1.0
1,0,NaN,NaN
4,3,5.1000000000000005,3.0
1,0,NaN,NaN
2,0,NaN,NaN
1,1,6.1000000000000005,1.0
1,1,6.1000000000000005,1.0
1,1,6.1000000000000005,1.0
7,5,5.1000000000000005,4.0
1,0,NaN,NaN
6,2,20.1,6.0
1,0,NaN,NaN
1,1,6.1000000000000005,1.0
1,1,17.1,1.0
1,1,5.1000000000000005,1.0
1,0,NaN,NaN
21,10,11.100000000000001,7.0
1,0,NaN,NaN
1,0,NaN,NaN
1,1,10.100000000000001,1.0
1,0,NaN,NaN
1,0,NaN,NaN
1,1,7.1000000000000005,1.0
1,1,6.1000000000000005,1.0
1,1,15.100000000000001,1.0
2,2,8.1,1.0
1,1,4.1000000000000005,1.0
1,1,5.1000000000000005,1.0
1,0,NaN,NaN
1,1,14.100000000000001,1.0
5,3,6.1000000000000005,3.0
1,1,7.1000000000000005,1.0
1,1,7.1000000000000005,1.0
2,1,8.1,2.0
3,1,22.1,3.0
1,0,NaN,NaN
2,2,8.1,2.0
1,1,6.1000000000000005,1.0
1,0,NaN,NaN
1,1,16.1,1.0
1,0,NaN,NaN
1,1,3.1,1.0
1,1,3.1,1.0
1,1,5.1000000000000005,1.0
1,0,NaN,NaN
1,1,7.1000000000000005,1.0
1,1,21.1,1.0
1,1,6.1000000000000005,1.0
1,1,5.1000000000000005,1.0
1,1,9.1,1.0
1,1,10.100000000000001,1.0
1,1,2.1,1.0
7,6,8.1,2.0
1,0,NaN,NaN
1,1,7.1000000000000005,1.0
1,1,4.1000000000000005,1.0
1,1,9.1,1.0
2,2,7.1000000000000005,2.0
2,1,12.100000000000001,2.0
26,20,7.1000000000000005,22.0
1,1,11.100000000000001,1.0
1,1,8.1,1.0
1,1,7.1000000000000005,1.0
1,1,8.1,1.0
10,9,12.100000000000001,6.0
1,1,7.1000000000000005,1.0
1,1,4.1000000000000005,1.0
1,1,8.1,1.0
1,0,NaN,NaN
6,6,8.1,2.0
1,1,6.1000000000000005,1.0
1,1,7.1000000000000005,1.0
1,0,NaN,NaN
17,17,6.1000000000000005,5.0
1,0,NaN,NaN
1,0,NaN,NaN
1,1,7.1000000000000005,1.0
1,0,NaN,NaN
3,2,11.100000000000001,3.0
1,1,7.1000000000000005,1.0
1,1,11.100000000000001,1.0
1,1,6.1000000000000005,1.0
1,1,4.1000000000000005,1.0
1,0,NaN,NaN
1,1,8.1,1.0
1,1,10.100000000000001,1.0
1,0,NaN,NaN
38,32,5.1000000000000005,10.0
1,0,NaN,NaN
1,0,NaN,NaN
1,0,NaN,NaN
17,4,8.1,5.0
1,0,NaN,NaN
1,0,NaN,NaN
1,1,11.100000000000001,1.0
1,1,6.1000000000000005,1.0
1,0,NaN,NaN
1,1,5.1000000000000005,1.0
1,1,13.100000000000001,1.0
1,0,NaN,NaN
1,0,NaN,NaN
7,5,11.100000000000001,3.0
1,1,6.1000000000000005,1.0
44,24,9.1,13.0
1,1,7.1000000000000005,1.0
1,0,NaN,NaN
1,1,5.1000000000000005,1.0
1,1,5.1000000000000005,1.0
1,0,NaN,NaN
1,1,7.1000000000000005,1.0
11,7,16.1,7.0
1,1,7.1000000000000005,1.0
1,1,8.1,1.0
1,0,NaN,NaN
1,1,8.1,1.0
1,1,9.1,1.0
1,1,12.100000000000001,1.0
1,1,4.1000000000000005,1.0
1,0,NaN,NaN
1,1,6.1000000000000005,1.0
1,0,NaN,NaN
1,1,4.1000000000000005,1.0
1,0,NaN,NaN
1,1,16.1,1.0
1,1,8.1,1.0
1,1,7.1000000000000005,1.0
1,1,3.1,1.0
23,20,10.100000000000001,16.0
1,1,4.1000000000000005,1.0
1,0,NaN,NaN
1,1,6.1000000000000005,1.0
5,3,4.1000000000000005,3.0
1,0,NaN,NaN
1,1,8.1,1.0
1,1,2.1,1.0
1,0,NaN,NaN
1,1,3.1,1.0
1,1,5.1000000000000005,1.0
1,1,5.1000000000000005,1.0
1,1,4.1000000000000005,1.0
1,1,6.1000000000000005,1.0
1,0,NaN,NaN
4,1,19.1,4.0
2,2,9.1,2.0
1,1,3.1,1.0
3,0,NaN,NaN
15,15,8.1,3.0
1,0,NaN,NaN
1,0,NaN,NaN
1,1,8.1,1.0
1,1,8.1,1.0
1,1,5.1000000000000005,1.0
1,0,NaN,NaN
1,1,9.1,1.0
1,1,7.1000000000000005,1.0
1,1,6.1000000000000005,1.0
1,1,12.100000000000001,1.0
1,0,NaN,NaN
1,1,4.1000000000000005,1.0
1,1,7.1000000000000005,1.0
1,1,8.1,1.0
1,1,4.1000000000000005,1.0
1,0,NaN,NaN
1,0,NaN,NaN
1,0,NaN,NaN
1,0,NaN,NaN
1,0,NaN,NaN
1,1,8.1,1.0
1,1,4.1000000000000005,1.0
1,0,NaN,NaN
1,1,7.1000000000000005,1.0
1,1,7.1000000000000005,1.0
1,1,3.1,1.0
1,1,7.1000000000000005,1.0
1,0,NaN,NaN
1,0,NaN,NaN
1,1,9.1,1.0
1,1,6.1000000000000005,1.0
2,1,14.100000000000001,2.0
1,1,6.1000000000000005,1.0
1,1,7.1000000000000005,1.0
13,6,3.1,2.0
8,4,8.1,4.0
1,0,NaN,NaN
28,20,5.1000000000000005,3.0
1,1,8.1,1.0
2,1,6.1000000000000005,2.0
1,1,10.100000000000001,1.0
1,1,7.1000000000000005,1.0
1,0,NaN,NaN
1,0,NaN,NaN
1,1,8.1,1.0
1,1,7.1000000000000005,1.0
1,0,NaN,NaN
1,0,NaN,NaN
3,2,9.1,3.0
1,1,7.1000000000000005,1.0
1,0,NaN,NaN
1,0,NaN,NaN
1,1,5.1000000000000005,1.0
1,1,3.1,1.0
17,4,7.1000000000000005,5.0
1,1,11.100000000000001,1.0
1,1,8.1,1.0
1,1,4.1000000000000005,1.0
1,0,NaN,NaN
1,1,7.1000000000000005,1.0
1,1,5.1000000000000005,1.0
1,0,NaN,NaN
1,1,3.1,1.0
1,1,6.1000000000000005,1.0
3,0,NaN,NaN
1,0,NaN,NaN
1,1,9.1,1.0
1,0,NaN,NaN
1,1,8.1,1.0
1,1,9.1,1.0
2,1,11.100000000000001,2.0
1,1,4.1000000000000005,1.0
1,1,3.1,1.0
1,0,NaN,NaN
1,0,NaN,NaN
1,0,NaN,NaN
7,3,9.1,3.0
1,1,4.1000000000000005,1.0
1,0,NaN,NaN
1,1,14.100000000000001,1.0
1,0,NaN,NaN
1,1,3.1,1.0
21,19,4.1000000000000005,6.0
1,0,NaN,NaN
1,0,NaN,NaN
1,1,5.1000000000000005,1.0
1,0,NaN,NaN
1,1,4.1000000000000005,1.0
1,1,3.1,1.0
1,0,NaN,NaN
2,0,NaN,NaN
1,0,NaN,NaN
1,1,5.1000000000000005,1.0
1,0,NaN,NaN
4,3,7.1000000000000005,4.0
1,1,5.1000000000000005,1.0
1,1,6.1000000000000005,1.0
2,0,NaN,NaN
4,2,10.100000000000001,4.0
1,0,NaN,NaN
1,0,NaN,NaN
1,0,NaN,NaN
1,1,4.1000000000000005,1.0
1,1,14.100000000000001,1.0
1,1,7.1000000000000005,1.0
1,0,NaN,NaN
1,0,NaN,NaN
1,1,5.1000000000000005,1.0
1,0,NaN,NaN
16,10,9.1,7.0
1,0,NaN,NaN
1,0,NaN,NaN
1,1,8.1,1.0
1,1,8.1,1.0
8,7,5.1000000000000005,2.0
1,1,8.1,1.0
1,1,4.1000000000000005,1.0
2,1,14.100000000000001,2.0
7,4,6.1000000000000005,3.0
1,0,NaN,NaN
1,0,NaN,NaN
1,0,NaN,NaN
1,1,7.1000000000000005,1.0
3,2,15.100000000000001,3.0
50,27,15.100000000000001,11.0
1,0,NaN,NaN
1,0,NaN,NaN
1,1,10.100000000000001,1.0
1,1,4.1000000000000005,1.0
1,1,7.1000000000000005,1.0
1,0,NaN,NaN
1,0,NaN,NaN
1,1,6.1000000000000005,1.0
1,1,5.1000000000000005,1.0
7,3,15.100000000000001,7.0
1,1,7.1000000000000005,1.0
1,1,6.1000000000000005,1.0
1,0,NaN,NaN
1,0,NaN,NaN
11,8,8.1,2.0
1,1,14.100000000000001,1.0
1,1,9.1,1.0
1,1,5.1000000000000005,1.0
1,1,11.100000000000001,1.0
1,1,9.1,1.0
1,1,6.1000000000000005,1.0
1,1,6.1000000000000005,1.0
1,0,NaN,NaN
3,1,14.100000000000001,3.0
2,0,NaN,NaN
1,1,3.1,1.0
1,1,3.1,1.0
1,0,NaN,NaN
1,1,7.1000000000000005,1.0
1,1,6.1000000000000005,1.0
1,0,NaN,NaN
1,0,NaN,NaN
1,0,NaN,NaN
3,1,18.1,3.0
1,1,4.1000000000000005,1.0
2,1,5.1000000000000005,2.0
1,1,5.1000000000000005,1.0
8,8,7.1000000000000005,5.0
1,1,7.1000000000000005,1.0
1,0,NaN,NaN
1,0,NaN,NaN
1,1,7.1000000000000005,1.0
1,0,NaN,NaN
30,21,16.1,15.0
1,0,NaN,NaN
1,0,NaN,NaN
1,0,NaN,NaN
1,1,10.100000000000001,1.0
1,1,3.1,1.0
1,0,NaN,NaN
18,13,13.100000000000001,7.0
1,1,5.1000000000000005,1.0
3,2,7.1000000000000005,2.0
1,1,6.1000000000000005,1.0
1,1,7.1000000000000005,1.0
1,0,NaN,NaN
1,1,5.1000000000000005,1.0
1,1,5.1000000000000005,1.0
1,0,NaN,NaN
1,0,NaN,NaN
1,1,3.1,1.0
6,6,9.1,5.0
1,0,NaN,NaN
1,1,14.100000000000001,1.0
1,1,6.1000000000000005,1.0
1,0,NaN,NaN
1,0,NaN,NaN
1,0,NaN,NaN
1,1,8.1,1.0
1,0,NaN,NaN
1,1,3.1,1.0
1,1,7.1000000000000005,1.0
1,0,NaN,NaN
4,2,4.1000000000000005,2.0
1,0,NaN,NaN
1,0,NaN,NaN
1,0,NaN,NaN
2,2,7.1000000000000005,2.0
1,1,20.1,1.0
1,0,NaN,NaN
10,4,13.100000000000001,7.0
1,1,6.1000000000000005,1.0
1,1,8.1,1.0
1,1,4.1000000000000005,1.0
2,1,7.1000000000000005,1.0
1,0,NaN,NaN
1,1,8.1,1.0
1,1,14.100000000000001,1.0
1,1,6.1000000000000005,1.0
1,0,NaN,NaN
2,0,NaN,NaN
1,0,NaN,NaN
1,0,NaN,NaN
1,1,8.1,1.0
1,1,7.1000000000000005,1.0
14,14,6.1000000000000005,2.0
1,0,NaN,NaN
1,0,NaN,NaN
1,0,NaN,NaN
1,0,NaN,NaN
2,0,NaN,NaN
1,1,14.100000000000001,1.0
1,0,NaN,NaN
1,1,9.1,1.0
1,0,NaN,NaN
1,0,NaN,NaN
1,0,NaN,NaN
1,1,4.1000000000000005,1.0
1,1,9.1,1.0
1,0,NaN,NaN
1,0,NaN,NaN
1,0,NaN,NaN
1,1,9.1,1.0
1,0,NaN,NaN
1,1,3.1,1.0
2,2,5.1000000000000005,2.0
6,2,11.100000000000001,5.0
10,10,11.100000000000001,9.0
2,1,5.1000000000000005,1.0
4,3,6.1000000000000005,2.0
1,1,8.1,1.0
1,1,3.1,1.0
1,0,NaN,NaN
1,0,NaN,NaN
1,0,NaN,NaN
1,1,12.100000000000001,1.0
1,0,NaN,NaN
3,2,4.1000000000000005,2.0
1,1,5.1000000000000005,1.0
1,0,NaN,NaN
2,1,17.1,2.0
1,1,8.1,1.0
1,0,NaN,NaN
1,0,NaN,NaN
1,1,9.1,1.0
1,1,8.1,1.0
1,0,NaN,NaN
1,0,NaN,NaN
1,0,NaN,NaN
1,0,NaN,NaN
1,1,5.1000000000000005,1.0
11,9,6.1000000000000005,5.0
2,2,8.1,2.0
1,1,7.1000000000000005,1.0
1,0,NaN,NaN
1,0,NaN,NaN
1,1,5.1000000000000005,1.0
3,0,NaN,NaN
1,1,7.1000000000000005,1.0
2,2,7.1000000000000005,1.0
1,1,7.1000000000000005,1.0
1,0,NaN,NaN
1,1,9.1,1.0
2,1,6.1000000000000005,2.0
1,1,4.1000000000000005,1.0
2,1,8.1,2.0
1,0,NaN,NaN
1,0,NaN,NaN
6,4,15.100000000000001,6.0
1,0,NaN,NaN
1,0,NaN,NaN
1,0,NaN,NaN
1,0,NaN,NaN
19,17,6.1000000000000005,13.0
2,0,NaN,NaN
1,0,NaN,NaN
3,2,16.1,3.0
1,1,6.1000000000000005,1.0
1,0,NaN,NaN
2,2,5.1000000000000005,2.0
1,1,5.1000000000000005,1.0
1,0,NaN,NaN
2,1,9.1,2.0
1,1,10.100000000000001,1.0
2,1,5.1000000000000005,2.0
2,1,7.1000000000000005,2.0
1,0,NaN,NaN
1,0,NaN,NaN
1,0,NaN,NaN
1,1,6.1000000000000005,1.0
2,1,15.100000000000001,2.0
1,0,NaN,NaN
1,0,NaN,NaN
5,5,5.1000000000000005,4.0
1,1,12.100000000000001,1.0
15,15,6.1000000000000005,8.0
1,0,NaN,NaN
1,1,6.1000000000000005,1.0
1,1,5.1000000000000005,1.0
1,1,8.1,1.0
2,1,4.1000000000000005,1.0
1,1,7.1000000000000005,1.0
2,2,4.1000000000000005,1.0
1,1,7.1000000000000005,1.0
1,1,3.1,1.0
15,10,16.1,15.0
1,0,NaN,NaN
1,0,NaN,NaN
4,4,7.1000000000000005,4.0
3,2,5.1000000000000005,2.0
1,1,4.1000000000000005,1.0
1,0,NaN,NaN
11,9,6.1000000000000005,2.0
1,0,NaN,NaN
1,0,NaN,NaN
1,1,3.1,1.0
1,0,NaN,NaN
1,1,8.1,1.0
1,1,13.100000000000001,1.0
1,1,4.1000000000000005,1.0
2,2,7.1000000000000005,2.0
1,1,8.1,1.0
1,0,NaN,NaN
2,2,3.1,2.0
6,3,9.1,4.0
1,0,NaN,NaN
1,0,NaN,NaN
1,1,6.1000000000000005,1.0
1,0,NaN,NaN
1,0,NaN,NaN
31,24,6.1000000000000005,5.0
4,2,4.1000000000000005,3.0
1,0,NaN,NaN
1,1,7.1000000000000005,1.0
1,1,4.1000000000000005,1.0
4,2,8.1,3.0
2,2,7.1000000000000005,2.0
1,0,NaN,NaN
18,10,11.100000000000001,9.0
1,0,NaN,NaN
1,1,10.100000000000001,1.0
1,1,3.1,1.0
1,1,8.1,1.0
9,8,9.1,7.0
1,0,NaN,NaN
1,1,6.1000000000000005,1.0
1,1,6.1000000000000005,1.0
1,0,NaN,NaN
1,1,4.1000000000000005,1.0
2,2,7.1000000000000005,1.0
1,0,NaN,NaN
2,1,6.1000000000000005,2.0
1,1,7.1000000000000005,1.0
1,1,7.1000000000000005,1.0
1,0,NaN,NaN
1,1,11.100000000000001,1.0
1,0,NaN,NaN
1,1,12.100000000000001,1.0
1,1,12.100000000000001,1.0
1,1,6.1000000000000005,1.0
1,1,3.1,1.0
1,1,12.100000000000001,1.0
1,0,NaN,NaN
1,1,7.1000000000000005,1.0
2,2,5.1000000000000005,1.0
10,10,5.1000000000000005,5.0
1,0,NaN,NaN
1,1,6.1000000000000005,1.0
1,0,NaN,NaN
1,1,13.100000000000001,1.0
2,2,3.1,1.0
1,0,NaN,NaN
1,1,7.1000000000000005,1.0
1,1,8.1,1.0
1,1,10.100000000000001,1.0
1,0,NaN,NaN
1,0,NaN,NaN
1,1,7.1000000000000005,1.0
1,0,NaN,NaN
3,3,6.1000000000000005,1.0
1,0,NaN,NaN
1,0,NaN,NaN
1,1,5.1000000000000005,1.0
1,1,8.1,1.0
1,0,NaN,NaN
1,1,4.1000000000000005,1.0
2,1,14.100000000000001,2.0
1,0,NaN,NaN
1,1,9.1,1.0
1,0,NaN,NaN
1,1,9.1,1.0
7,1,11.100000000000001,7.0
2,1,14.100000000000001,2.0
1,1,5.1000000000000005,1.0
10,4,15.100000000000001,8.0
1,1,9.1,1.0
1,1,4.1000000000000005,1.0
1,1,6.1000000000000005,1.0
6,1,9.1,5.0
1,1,8.1,1.0
5,2,15.100000000000001,5.0
1,1,4.1000000000000005,1.0
1,1,6.1000000000000005,1.0
1,0,NaN,NaN
1,1,10.100000000000001,1.0
1,0,NaN,NaN
1,0,NaN,NaN
1,1,5.1000000000000005,1.0
1,0,NaN,NaN
1,1,8.1,1.0
1,1,5.1000000000000005,1.0
1,1,11.100000000000001,1.0
1,0,NaN,NaN
1,0,NaN,NaN
1,0,NaN,NaN
1,1,6.1000000000000005,1.0
1,1,5.1000000000000005,1.0
1,0,NaN,NaN
1,1,5.1000000000000005,1.0
1,1,6.1000000000000005,1.0
1,1,7.1000000000000005,1.0
1,1,4.1000000000000005,1.0
1,0,NaN,NaN
1,1,7.1000000000000005,1.0
1,0,NaN,NaN
11,3,26.1,10.0
1,1,5.1000000000000005,1.0
1,1,5.1000000000000005,1.0
1,1,9.1,1.0
1,0,NaN,NaN
1,0,NaN,NaN
1,1,13.100000000000001,1.0
1,1,13.100000000000001,1.0
1,1,7.1000000000000005,1.0
1,0,NaN,NaN
1,0,NaN,NaN
1,1,6.1000000000000005,1.0
1,0,NaN,NaN
2,1,3.1,1.0
1,1,6.1000000000000005,1.0
1,1,7.1000000000000005,1.0
1,1,7.1000000000000005,1.0
1,1,9.1,1.0
1,0,NaN,NaN
1,0,NaN,NaN
1,0,NaN,NaN
1,0,NaN,NaN
4,2,8.1,1.0
1,1,8.1,1.0
1,0,NaN,NaN
2,2,5.1000000000000005,1.0
2,1,7.1000000000000005,2.0
1,0,NaN,NaN
1,0,NaN,NaN
1,1,5.1000000000000005,1.0
1,1,7.1000000000000005,1.0
1,1,6.1000000000000005,1.0
1,1,6.1000000000000005,1.0
1,0,NaN,NaN
1,0,NaN,NaN
1,1,13.100000000000001,1.0
18,17,9.1,6.0
1,0,NaN,NaN
1,1,4.1000000000000005,1.0
2,2,7.1000000000000005,2.0
1,0,NaN,NaN
1,1,4.1000000000000005,1.0
1,0,NaN,NaN
2,1,19.1,2.0
1,1,4.1000000000000005,1.0
1,0,NaN,NaN
1,1,8.1,1.0
1,1,4.1000000000000005,1.0
1,1,8.1,1.0
1,1,8.1,1.0
1,1,7.1000000000000005,1.0
1,1,8.1,1.0
7,2,27.1,7.0
1,1,10.100000000000001,1.0
5,3,21.1,5.0
1,0,NaN,NaN
1,0,NaN,NaN
1,0,NaN,NaN
1,1,5.1000000000000005,1.0
1,0,NaN,NaN
1,0,NaN,NaN
1,1,12.100000000000001,1.0
1,0,NaN,NaN
1,1,9.1,1.0
1,1,3.1,1.0
1,1,6.1000000000000005,1.0
2,0,NaN,NaN
1,0,NaN,NaN
1,1,7.1000000000000005,1.0
1,1,9.1,1.0
2,2,7.1000000000000005,2.0
2,0,NaN,NaN
1,1,4.1000000000000005,1.0
1,0,NaN,NaN
1,0,NaN,NaN
3,3,5.1000000000000005,1.0
1,1,10.100000000000001,1.0
1,0,NaN,NaN
15,6,13.100000000000001,7.0
1,1,7.1000000000000005,1.0
3,2,10.100000000000001,2.0
14,11,15.100000000000001,6.0
1,0,NaN,NaN
1,0,NaN,NaN
1,1,6.1000000000000005,1.0
1,1,10.100000000000001,1.0
1,1,12.100000000000001,1.0
1,1,5.1000000000000005,1.0
3,2,7.1000000000000005,3.0
1,0,NaN,NaN
1,1,6.1000000000000005,1.0
1,1,20.1,1.0
3,3,5.1000000000000005,3.0
1,1,7.1000000000000005,1.0
1,0,NaN,NaN
1,1,4.1000000000000005,1.0
1,1,8.1,1.0
1,1,7.1000000000000005,1.0
1,1,9.1,1.0
1,0,NaN,NaN
6,6,5.1000000000000005,4.0
1,1,3.1,1.0
2,1,4.1000000000000005,2.0
3,1,5.1000000000000005,3.0
1,1,6.1000000000000005,1.0
1,0,NaN,NaN
1,1,5.1000000000000005,1.0
1,0,NaN,NaN
20,17,7.1000000000000005,3.0
1,0,NaN,NaN
1,0,NaN,NaN
1,0,NaN,NaN
20,19,8.1,12.0
1,1,3.1,1.0
1,1,5.1000000000000005,1.0
1,1,11.100000000000001,1.0
1,0,NaN,NaN
1,0,NaN,NaN
1,0,NaN,NaN
1,0,NaN,NaN
1,0,NaN,NaN
1,1,11.100000000000001,1.0
1,0,NaN,NaN
1,1,11.100000000000001,1.0
1,0,NaN,NaN
1,1,7.1000000000000005,1.0
1,1,6.1000000000000005,1.0
1,0,NaN,NaN
1,1,6.1000000000000005,1.0
1,0,NaN,NaN
1,1,6.1000000000000005,1.0
1,1,8.1,1.0
5,2,4.1000000000000005,5.0
1,0,NaN,NaN
21,11,25.1,9.0
1,0,NaN,NaN
1,1,7.1000000000000005,1.0
1,0,NaN,NaN
1,1,6.1000000000000005,1.0
1,1,8.1,1.0
17,12,8.1,7.0
2,1,17.1,2.0
1,1,8.1,1.0
1,0,NaN,NaN
1,0,NaN,NaN
1,1,8.1,1.0
14,9,16.1,7.0
2,2,4.1000000000000005,1.0
1,1,7.1000000000000005,1.0
6,5,7.1000000000000005,4.0
18,8,8.1,5.0
19,18,8.1,7.0
5,3,6.1000000000000005,4.0
1,1,5.1000000000000005,1.0
5,2,3.1,5.0
3,1,8.1,3.0
1,1,7.1000000000000005,1.0
1,0,NaN,NaN
1,1,6.1000000000000005,1.0
1,1,6.1000000000000005,1.0
1,1,6.1000000000000005,1.0
1,1,8.1,1.0
2,1,13.100000000000001,2.0
1,0,NaN,NaN
1,0,NaN,NaN
1,1,7.1000000000000005,1.0
1,0,NaN,NaN
1,0,NaN,NaN
1,0,NaN,NaN
1,1,7.1000000000000005,1.0
1,0,NaN,NaN
1,0,NaN,NaN
1,0,NaN,NaN
1,0,NaN,NaN
1,1,6.1000000000000005,1.0
1,0,NaN,NaN
1,0,NaN,NaN
1,0,NaN,NaN
1,0,NaN,NaN
8,2,12.100000000000001,5.0
1,1,3.1,1.0
1,0,NaN,NaN
3,2,8.1,3.0
1,0,NaN,NaN
1,1,4.1000000000000005,1.0
1,0,NaN,NaN
1,1,4.1000000000000005,1.0
1,0,NaN,NaN
1,1,2.1,1.0
1,1,7.1000000000000005,1.0
1,1,6.1000000000000005,1.0
1,1,7.1000000000000005,1.0
1,0,NaN,NaN
1,0,NaN,NaN
1,1,15.100000000000001,1.0
1,1,13.100000000000001,1.0
1,1,8.1,1.0
4,3,4.1000000000000005,3.0
7,6,11.100000000000001,7.0
1,0,NaN,NaN
1,0,NaN,NaN
1,0,NaN,NaN
1,1,10.100000000000001,1.0
1,0,NaN,NaN
1,0,NaN,NaN
33,28,7.1000000000000005,15.0
1,0,NaN,NaN
1,0,NaN,NaN
1,1,3.1,1.0
5,3,3.1,3.0
4,2,9.1,3.0
1,1,8.1,1.0
3,2,5.1000000000000005,2.0
4,2,13.100000000000001,3.0
1,0,NaN,NaN
1,0,NaN,NaN
1,1,6.1000000000000005,1.0
5,2,7.1000000000000005,3.0
1,1,6.1000000000000005,1.0
1,0,NaN,NaN
1,1,5.1000000000000005,1.0
19,8,4.1000000000000005,8.0
1,1,6.1000000000000005,1.0
1,1,6.1000000000000005,1.0
1,1,4.1000000000000005,1.0
1,1,6.1000000000000005,1.0
5,2,4.1000000000000005,1.0
1,0,NaN,NaN
1,1,6.1000000000000005,1.0
1,1,9.1,1.0
1,0,NaN,NaN
1,1,8.1,1.0
1,0,NaN,NaN
1,1,3.1,1.0
1,1,3.1,1.0
1,0,NaN,NaN
1,0,NaN,NaN
37,33,6.1000000000000005,17.0
1,1,6.1000000000000005,1.0
2,0,NaN,NaN
4,4,7.1000000000000005,2.0
1,1,8.1,1.0
1,1,8.1,1.0
1,1,7.1000000000000005,1.0
1,1,5.1000000000000005,1.0
17,17,4.1000000000000005,3.0
1,1,7.1000000000000005,1.0
2,0,NaN,NaN
2,2,9.1,2.0
1,0,NaN,NaN
10,7,12.100000000000001,5.0
1,0,NaN,NaN
1,0,NaN,NaN
1,0,NaN,NaN
1,0,NaN,NaN
1,0,NaN,NaN
1,1,15.100000000000001,1.0
1,1,10.100000000000001,1.0
1,0,NaN,NaN
1,1,6.1000000000000005,1.0
1,0,NaN,NaN
2,1,5.1000000000000005,2.0
1,1,8.1,1.0
1,1,9.1,1.0
1,1,3.1,1.0
1,1,7.1000000000000005,1.0
1,0,NaN,NaN
2,1,2.1,1.0
2,1,17.1,2.0
1,0,NaN,NaN
1,1,9.1,1.0
11,7,16.1,8.0
2,1,10.100000000000001,2.0
1,0,NaN,NaN
1,1,3.1,1.0
4,0,NaN,NaN
1,1,5.1000000000000005,1.0
1,1,5.1000000000000005,1.0
1,0,NaN,NaN
1,1,5.1000000000000005,1.0
50,46,7.1000000000000005,3.0
1,1,6.1000000000000005,1.0
8,5,8.1,8.0
2,0,NaN,NaN
1,1,7.1000000000000005,1.0
1,1,9.1,1.0
1,1,7.1000000000000005,1.0
1,1,8.1,1.0
1,1,8.1,1.0
1,0,NaN,NaN
1,1,8.1,1.0
14,14,8.1,5.0
5,3,6.1000000000000005,2.0
1,0,NaN,NaN
3,1,10.100000000000001,3.0
2,1,23.1,2.0
1,0,NaN,NaN
1,1,8.1,1.0
1,1,5.1000000000000005,1.0
2,1,22.1,2.0
1,0,NaN,NaN
1,1,5.1000000000000005,1.0
1,0,NaN,NaN
1,0,NaN,NaN
9,5,13.100000000000001,7.0
1,1,8.1,1.0
1,1,5.1000000000000005,1.0
1,1,4.1000000000000005,1.0
1,0,NaN,NaN
1,0,NaN,NaN
1,0,NaN,NaN
1,1,11.100000000000001,1.0
1,0,NaN,NaN
1,0,NaN,NaN
1,1,4.1000000000000005,1.0
1,1,8.1,1.0
1,0,NaN,NaN
1,1,6.1000000000000005,1.0
21,20,5.1000000000000005,12.0
3,3,7.1000000000000005,3.0
1,1,5.1000000000000005,1.0
1,0,NaN,NaN
1,0,NaN,NaN
1,0,NaN,NaN
1,0,NaN,NaN
1,0,NaN,NaN
3,2,7.1000000000000005,1.0
1,0,NaN,NaN
1,1,8.1,1.0
6,5,6.1000000000000005,2.0
1,0,NaN,NaN
1,0,NaN,NaN
1,1,5.1000000000000005,1.0
1,0,NaN,NaN
12,7,10.100000000000001,4.0
1,1,9.1,1.0
1,1,6.1000000000000005,1.0
1,1,4.1000000000000005,1.0
1,1,5.1000000000000005,1.0
2,2,5.1000000000000005,1.0
1,0,NaN,NaN
1,1,6.1000000000000005,1.0
1,0,NaN,NaN
4,3,6.1000000000000005,4.0
3,1,6.1000000000000005,3.0
1,0,NaN,NaN
1,0,NaN,NaN
1,1,7.1000000000000005,1.0
1,0,NaN,NaN
1,0,NaN,NaN
1,0,NaN,NaN
1,1,8.1,1.0
11,9,15.100000000000001,9.0
1,0,NaN,NaN
1,1,5.1000000000000005,1.0
1,0,NaN,NaN
1,1,8.1,1.0
1,1,6.1000000000000005,1.0
1,0,NaN,NaN
1,1,11.100000000000001,1.0
1,0,NaN,NaN
1,1,9.1,1.0
1,1,7.1000000000000005,1.0
1,0,NaN,NaN
1,1,5.1000000000000005,1.0
1,1,8.1,1.0
1,0,NaN,NaN
1,0,NaN,NaN
1,1,6.1000000000000005,1.0
1,1,3.1,1.0
12,10,9.1,9.0
1,1,6.1000000000000005,1.0
1,0,NaN,NaN
1,1,4.1000000000000005,1.0
1,1,6.1000000000000005,1.0
1,0,NaN,NaN
1,0,NaN,NaN
1,1,5.1000000000000005,1.0
2,1,4.1000000000000005,2.0
1,1,10.100000000000001,1.0
1,0,NaN,NaN
6,3,11.100000000000001,4.0
1,1,6.1000000000000005,1.0
1,1,9.1,1.0
2,1,7.1000000000000005,2.0
1,0,NaN,NaN
1,1,7.1000000000000005,1.0
4,2,11.100000000000001,3.0
1,1,5.1000000000000005,1.0
1,0,NaN,NaN
1,0,NaN,NaN
1,0,NaN,NaN
2,1,22.1,2.0
2,1,4.1000000000000005,1.0
1,0,NaN,NaN
1,1,5.1000000000000005,1.0
1,0,NaN,NaN
1,1,10.100000000000001,1.0
1,1,7.1000000000000005,1.0
1,1,5.1000000000000005,1.0
1,0,NaN,NaN
1,1,10.100000000000001,1.0
1,1,8.1,1.0
2,2,4.1000000000000005,1.0
1,0,NaN,NaN
1,1,7.1000000000000005,1.0
1,0,NaN,NaN
1,0,NaN,NaN
1,0,NaN,NaN
1,0,NaN,NaN
2,1,9.1,2.0
1,1,10.100000000000001,1.0
1,0,NaN,NaN
4,3,11.100000000000001,2.0
1,1,13.100000000000001,1.0
1,1,5.1000000000000005,1.0
1,0,NaN,NaN
2,1,6.1000000000000005,1.0
1,1,4.1000000000000005,1.0
1,0,NaN,NaN
1,0,NaN,NaN
1,0,NaN,NaN
1,1,10.100000000000001,1.0
1,0,NaN,NaN
1,1,5.1000000000000005,1.0
49,40,7.1000000000000005,3.0
1,1,4.1000000000000005,1.0
1,0,NaN,NaN
1,1,11.100000000000001,1.0
7,4,11.100000000000001,4.0
1,0,NaN,NaN
1,0,NaN,NaN
1,0,NaN,NaN
1,1,13.100000000000001,1.0
10,4,18.1,5.0
1,0,NaN,NaN
8,6,7.1000000000000005,3.0
1,0,NaN,NaN
1,1,6.1000000000000005,1.0
1,0,NaN,NaN
3,2,17.1,3.0
2,1,12.100000000000001,2.0
1,1,4.1000000000000005,1.0
3,2,12.100000000000001,3.0
1,0,NaN,NaN
5,2,11.100000000000001,5.0
3,3,6.1000000000000005,3.0
2,1,14.100000000000001,2.0
1,1,3.1,1.0
1,0,NaN,NaN
1,0,NaN,NaN
1,1,6.1000000000000005,1.0
1,1,7.1000000000000005,1.0
1,1,8.1,1.0
1,0,NaN,NaN
3,2,9.1,2.0
1,1,7.1000000000000005,1.0
1,0,NaN,NaN
1,1,3.1,1.0
1,0,NaN,NaN
1,0,NaN,NaN
1,0,NaN,NaN
3,3,8.1,3.0
1,0,NaN,NaN
1,1,13.100000000000001,1.0
1,1,11.100000000000001,1.0
1,0,NaN,NaN
1,1,8.1,1.0
1,1,8.1,1.0
1,1,7.1000000000000005,1.0
1,1,4.1000000000000005,1.0
6,3,7.1000000000000005,3.0
3,1,30.1,3.0
1,0,NaN,NaN
1,0,NaN,NaN
4,3,17.1,2.0
1,1,7.1000000000000005,1.0
1,1,4.1000000000000005,1.0
16,7,7.1000000000000005,12.0
1,0,NaN,NaN
1,1,7.1000000000000005,1.0
1,1,6.1000000000000005,1.0
1,1,3.1,1.0
1,0,NaN,NaN
2,2,5.1000000000000005,2.0
1,0,NaN,NaN
1,1,8.1,1.0
1,1,9.1,1.0
23,22,6.1000000000000005,7.0
1,0,NaN,NaN
1,0,NaN,NaN
1,1,8.1,1.0
1,1,3.1,1.0
5,3,12.100000000000001,5.0
1,0,NaN,NaN
1,1,13.100000000000001,1.0
6,5,7.1000000000000005,5.0
1,0,NaN,NaN
1,1,5.1000000000000005,1.0
1,0,NaN,NaN
1,0,NaN,NaN
1,0,NaN,NaN
1,1,13.100000000000001,1.0
1,0,NaN,NaN
1,1,4.1000000000000005,1.0
1,0,NaN,NaN
1,0,NaN,NaN
3,2,5.1000000000000005,2.0
6,5,7.1000000000000005,6.0
1,1,4.1000000000000005,1.0
1,1,4.1000000000000005,1.0
1,0,NaN,NaN
5,2,6.1000000000000005,4.0
1,1,10.100000000000001,1.0
2,0,NaN,NaN
1,1,9.1,1.0
1,0,NaN,NaN
9,8,4.1000000000000005,3.0
1,1,7.1000000000000005,1.0
1,1,6.1000000000000005,1.0
1,0,NaN,NaN
1,1,5.1000000000000005,1.0
17,10,10.100000000000001,6.0
1,0,NaN,NaN
27,22,8.1,7.0
1,0,NaN,NaN
6,4,6.1000000000000005,5.0
1,1,8.1,1.0
1,1,6.1000000000000005,1.0
1,0,NaN,NaN
1,1,5.1000000000000005,1.0
1,1,5.1000000000000005,1.0
1,0,NaN,NaN
5,1,5.1000000000000005,2.0
1,0,NaN,NaN
22,19,10.100000000000001,2.0
1,0,NaN,NaN
2,2,10.100000000000001,2.0
1,1,4.1000000000000005,1.0
1,0,NaN,NaN
1,0,NaN,NaN
29,21,17.1,7.0
5,4,2.1,2.0
1,0,NaN,NaN
1,1,4.1000000000000005,1.0
26,23,5.1000000000000005,12.0
1,1,14.100000000000001,1.0
1,1,6.1000000000000005,1.0
1,1,5.1000000000000005,1.0
1,0,NaN,NaN
1,0,NaN,NaN
22,20,7.1000000000000005,19.0
1,0,NaN,NaN
18,17,14.100000000000001,3.0
1,1,4.1000000000000005,1.0
1,1,6.1000000000000005,1.0
1,0,NaN,NaN
11,10,10.100000000000001,8.0
1,0,NaN,NaN
1,1,5.1000000000000005,1.0
1,1,7.1000000000000005,1.0
1,1,13.100000000000001,1.0
7,3,10.100000000000001,3.0
1,1,6.1000000000000005,1.0
1,1,5.1000000000000005,1.0
1,0,NaN,NaN
1,1,5.1000000000000005,1.0
1,1,9.1,1.0
1,0,NaN,NaN
1,1,9.1,1.0
1,1,12.100000000000001,1.0
1,0,NaN,NaN
1,0,NaN,NaN
1,1,14.100000000000001,1.0
1,1,4.1000000000000005,1.0
1,0,NaN,NaN
1,0,NaN,NaN
4,3,11.100000000000001,4.0
1,0,NaN,NaN
19,19,10.100000000000001,14.0
7,4,22.1,5.0
1,1,7.1000000000000005,1.0
1,1,10.100000000000001,1.0
11,9,6.1000000000000005,7.0
1,1,6.1000000000000005,1.0
1,0,NaN,NaN
1,1,2.1,1.0
1,1,5.1000000000000005,1.0
2,0,NaN,NaN
1,0,NaN,NaN
1,0,NaN,NaN
3,1,20.1,3.0
1,1,9.1,1.0
2,2,10.100000000000001,2.0
1,1,7.1000000000000005,1.0
4,1,17.1,4.0
1,1,8.1,1.0
1,0,NaN,NaN
1,0,NaN,NaN
1,0,NaN,NaN
3,2,15.100000000000001,3.0
1,1,7.1000000000000005,1.0
1,0,NaN,NaN
1,0,NaN,NaN
1,0,NaN,NaN
1,1,8.1,1.0
19,17,13.100000000000001,11.0
8,4,5.1000000000000005,4.0
1,1,7.1000000000000005,1.0
1,0,NaN,NaN
1,1,5.1000000000000005,1.0
1,1,7.1000000000000005,1.0
1,0,NaN,NaN
1,1,7.1000000000000005,1.0
1,0,NaN,NaN
9,5,5.1000000000000005,4.0
1,0,NaN,NaN
1,0,NaN,NaN
1,1,6.1000000000000005,1.0
1,1,8.1,1.0
1,1,8.1,1.0
1,0,NaN,NaN
1,1,4.1000000000000005,1.0
16,12,5.1000000000000005,3.0
1,1,6.1000000000000005,1.0
9,4,8.1,4.0
1,1,18.1,1.0
6,2,14.100000000000001,3.0
1,0,NaN,NaN
1,1,7.1000000000000005,1.0
16,15,6.1000000000000005,9.0
1,1,7.1000000000000005,1.0
1,0,NaN,NaN
10,7,10.100000000000001,9.0
23,8,21.1,12.0
1,1,2.1,1.0
1,1,7.1000000000000005,1.0
1,1,5.1000000000000005,1.0
1,1,8.1,1.0
2,2,9.1,2.0
1,0,NaN,NaN
2,2,14.100000000000001,2.0
1,1,7.1000000000000005,1.0
2,1,6.1000000000000005,1.0
1,0,NaN,NaN
1,1,8.1,1.0
12,11,14.100000000000001,11.0
4,1,12.100000000000001,3.0
1,0,NaN,NaN
1,1,8.1,1.0
1,1,6.1000000000000005,1.0
1,1,9.1,1.0
4,3,7.1000000000000005,2.0
1,0,NaN,NaN
1,1,6.1000000000000005,1.0
1,1,7.1000000000000005,1.0
1,0,NaN,NaN
1,1,14.100000000000001,1.0
1,1,4.1000000000000005,1.0
1,1,3.1,1.0
1,1,10.100000000000001,1.0
1,1,9.1,1.0
1,1,8.1,1.0
1,0,NaN,NaN
1,0,NaN,NaN
1,1,6.1000000000000005,1.0
1,0,NaN,NaN
1,0,NaN,NaN
4,4,6.1000000000000005,2.0
1,0,NaN,NaN
8,5,10.100000000000001,6.0
2,1,15.100000000000001,2.0
1,1,3.1,1.0
1,1,13.100000000000001,1.0
1,1,7.1000000000000005,1.0
1,1,6.1000000000000005,1.0
1,1,6.1000000000000005,1.0
3,3,18.1,1.0
1,0,NaN,NaN
1,1,6.1000000000000005,1.0
4,2,10.100000000000001,2.0
1,0,NaN,NaN
1,1,7.1000000000000005,1.0
1,0,NaN,NaN
1,1,6.1000000000000005,1.0
1,1,7.1000000000000005,1.0
1,0,NaN,NaN
1,0,NaN,NaN
1,1,6.1000000000000005,1.0
1,1,8.1,1.0
1,1,6.1000000000000005,1.0
1,1,5.1000000000000005,1.0
8,3,12.100000000000001,8.0
1,1,7.1000000000000005,1.0
1,0,NaN,NaN
1,1,8.1,1.0
1,1,3.1,1.0
1,1,7.1000000000000005,1.0
1,1,3.1,1.0
1,1,7.1000000000000005,1.0
1,1,4.1000000000000005,1.0
1,1,9.1,1.0
1,0,NaN,NaN
1,0,NaN,NaN
1,1,6.1000000000000005,1.0
1,1,9.1,1.0
1,1,7.1000000000000005,1.0
1,0,NaN,NaN
1,1,3.1,1.0
2,0,NaN,NaN
4,3,10.100000000000001,4.0
1,1,6.1000000000000005,1.0
1,0,NaN,NaN
1,0,NaN,NaN
1,1,5.1000000000000005,1.0
1,1,5.1000000000000005,1.0
1,0,NaN,NaN
2,2,12.100000000000001,2.0
1,1,6.1000000000000005,1.0
1,0,NaN,NaN
1,0,NaN,NaN
1,0,NaN,NaN
1,1,7.1000000000000005,1.0
1,1,11.100000000000001,1.0
1,0,NaN,NaN
1,0,NaN,NaN
2,1,16.1,2.0
1,1,10.100000000000001,1.0
1,0,NaN,NaN
1,1,4.1000000000000005,1.0
1,1,10.100000000000001,1.0
1,1,22.1,1.0
1,1,4.1000000000000005,1.0
17,17,6.1000000000000005,12.0
1,1,9.1,1.0
1,0,NaN,NaN
1,1,9.1,1.0
1,1,6.1000000000000005,1.0
1,0,NaN,NaN
2,1,10.100000000000001,2.0
1,0,NaN,NaN
1,1,7.1000000000000005,1.0
1,0,NaN,NaN
11,5,5.1000000000000005,4.0
1,1,10.100000000000001,1.0
2,2,9.1,1.0
1,0,NaN,NaN
1,1,6.1000000000000005,1.0
1,0,NaN,NaN
1,1,6.1000000000000005,1.0
1,0,NaN,NaN
1,0,NaN,NaN
1,1,10.100000000000001,1.0
9,6,11.100000000000001,8.0
2,1,14.100000000000001,2.0
1,0,NaN,NaN
1,1,6.1000000000000005,1.0
1,1,4.1000000000000005,1.0
1,0,NaN,NaN
1,1,4.1000000000000005,1.0
5,3,19.1,3.0
1,1,3.1,1.0
2,1,5.1000000000000005,2.0
1,1,4.1000000000000005,1.0
1,1,7.1000000000000005,1.0
1,0,NaN,NaN
2,1,14.100000000000001,2.0
22,9,4.1000000000000005,2.0
1,1,7.1000000000000005,1.0
1,1,10.100000000000001,1.0
1,0,NaN,NaN
1,1,4.1000000000000005,1.0
4,2,6.1000000000000005,4.0
1,1,7.1000000000000005,1.0
4,2,17.1,4.0
1,1,7.1000000000000005,1.0
1,1,7.1000000000000005,1.0
21,8,17.1,8.0
28,24,7.1000000000000005,4.0
1,1,9.1,1.0
1,1,4.1000000000000005,1.0
1,0,NaN,NaN
1,1,6.1000000000000005,1.0
3,3,5.1000000000000005,2.0
1,1,8.1,1.0
1,1,15.100000000000001,1.0
1,1,14.100000000000001,1.0
1,1,8.1,1.0
1,1,8.1,1.0
5,2,7.1000000000000005,4.0
1,1,7.1000000000000005,1.0
4,3,5.1000000000000005,3.0
1,1,6.1000000000000005,1.0
1,0,NaN,NaN
2,2,4.1000000000000005,2.0
1,1,6.1000000000000005,1.0
23,19,14.100000000000001,9.0
1,1,4.1000000000000005,1.0
1,0,NaN,NaN
3,2,9.1,2.0
1,0,NaN,NaN
1,1,5.1000000000000005,1.0
1,1,3.1,1.0
1,0,NaN,NaN
1,0,NaN,NaN
1,1,7.1000000000000005,1.0
1,1,8.1,1.0
8,6,7.1000000000000005,8.0
1,1,4.1000000000000005,1.0
2,0,NaN,NaN
1,0,NaN,NaN
1,0,NaN,NaN
24,15,11.100000000000001,12.0
1,1,13.100000000000001,1.0
1,1,10.100000000000001,1.0
1,0,NaN,NaN
1,0,NaN,NaN
1,1,8.1,1.0
1,1,10.100000000000001,1.0
6,3,20.1,5.0
20,16,21.1,4.0
4,2,11.100000000000001,4.0
1,1,18.1,1.0
1,1,8.1,1.0
1,1,8.1,1.0
1,0,NaN,NaN
1,0,NaN,NaN
1,1,5.1000000000000005,1.0
15,7,5.1000000000000005,6.0
1,1,5.1000000000000005,1.0
1,1,12.100000000000001,1.0
5,2,9.1,3.0
22,21,9.1,3.0
1,1,5.1000000000000005,1.0
1,1,4.1000000000000005,1.0
1,0,NaN,NaN
2,1,10.100000000000001,2.0
1,0,NaN,NaN
1,1,7.1000000000000005,1.0
1,1,10.100000000000001,1.0
1,0,NaN,NaN
1,1,5.1000000000000005,1.0
1,1,5.1000000000000005,1.0
1,1,5.1000000000000005,1.0
5,3,10.100000000000001,3.0
1,0,NaN,NaN
1,1,4.1000000000000005,1.0
2,2,11.100000000000001,2.0
1,1,8.1,1.0
16,10,5.1000000000000005,4.0
1,1,2.1,1.0
1,1,8.1,1.0
1,1,14.100000000000001,1.0
1,1,7.1000000000000005,1.0
1,1,7.1000000000000005,1.0
2,2,2.1,1.0
1,1,6.1000000000000005,1.0
1,0,NaN,NaN
2,1,8.1,2.0
1,0,NaN,NaN
1,1,4.1000000000000005,1.0
1,1,24.1,1.0
1,0,NaN,NaN
4,3,8.1,4.0
2,1,15.100000000000001,2.0
1,1,5.1000000000000005,1.0
1,1,7.1000000000000005,1.0
1,0,NaN,NaN
1,0,NaN,NaN
1,0,NaN,NaN
1,0,NaN,NaN
2,2,4.1000000000000005,1.0
5,2,14.100000000000001,4.0
1,0,NaN,NaN
1,1,4.1000000000000005,1.0
2,1,7.1000000000000005,2.0
1,0,NaN,NaN
1,0,NaN,NaN
1,0,NaN,NaN
3,1,4.1000000000000005,1.0
2,1,3.1,2.0
1,0,NaN,NaN
29,8,14.100000000000001,19.0
1,1,10.100000000000001,1.0
9,4,6.1000000000000005,4.0
6,2,10.100000000000001,5.0
9,8,8.1,5.0
1,0,NaN,NaN
1,1,8.1,1.0
1,0,NaN,NaN
2,1,14.100000000000001,2.0
1,1,8.1,1.0
1,0,NaN,NaN
1,0,NaN,NaN
1,1,7.1000000000000005,1.0
1,1,7.1000000000000005,1.0
1,1,9.1,1.0
3,1,9.1,2.0
24,16,8.1,5.0
1,0,NaN,NaN
1,1,7.1000000000000005,1.0
1,1,4.1000000000000005,1.0
1,1,13.100000000000001,1.0
1,1,10.100000000000001,1.0
1,1,8.1,1.0
1,0,NaN,NaN
1,0,NaN,NaN
1,1,4.1000000000000005,1.0
1,0,NaN,NaN
1,0,NaN,NaN
1,0,NaN,NaN
1,0,NaN,NaN
1,0,NaN,NaN
1,1,7.1000000000000005,1.0
11,9,13.100000000000001,11.0
1,1,7.1000000000000005,1.0
1,0,NaN,NaN
1,1,7.1000000000000005,1.0
2,1,7.1000000000000005,2.0
1,0,NaN,NaN
1,1,8.1,1.0
1,1,8.1,1.0
2,1,13.100000000000001,2.0
1,0,NaN,NaN
1,1,4.1000000000000005,1.0
1,0,NaN,NaN
1,1,4.1000000000000005,1.0
1,0,NaN,NaN
1,0,NaN,NaN
2,2,7.1000000000000005,2.0
1,0,NaN,NaN
2,2,8.1,2.0
1,0,NaN,NaN
1,1,6.1000000000000005,1.0
1,0,NaN,NaN
1,0,NaN,NaN
1,0,NaN,NaN
4,2,13.100000000000001,4.0
1,1,9.1,1.0
1,0,NaN,NaN
1,0,NaN,NaN
2,2,11.100000000000001,2.0
4,3,6.1000000000000005,2.0
1,1,7.1000000000000005,1.0
2,1,8.1,2.0
1,0,NaN,NaN
1,0,NaN,NaN
1,0,NaN,NaN
1,1,7.1000000000000005,1.0
1,1,8.1,1.0
1,1,7.1000000000000005,1.0
1,0,NaN,NaN
1,0,NaN,NaN
5,4,5.1000000000000005,3.0
1,1,15.100000000000001,1.0
1,1,12.100000000000001,1.0
1,1,4.1000000000000005,1.0
4,2,9.1,4.0
22,9,9.1,3.0
1,0,NaN,NaN
1,0,NaN,NaN
1,1,5.1000000000000005,1.0
1,1,3.1,1.0
1,1,6.1000000000000005,1.0
1,1,7.1000000000000005,1.0
1,0,NaN,NaN
1,0,NaN,NaN
6,6,10.100000000000001,5.0
1,0,NaN,NaN
1,0,NaN,NaN
1,1,6.1000000000000005,1.0
1,1,8.1,1.0
1,1,4.1000000000000005,1.0
3,2,3.1,2.0
1,1,8.1,1.0
1,0,NaN,NaN
24,23,10.100000000000001,2.0
1,1,10.100000000000001,1.0
1,1,9.1,1.0
1,0,NaN,NaN
1,0,NaN,NaN
1,1,4.1000000000000005,1.0
1,0,NaN,NaN
1,1,4.1000000000000005,1.0
1,0,NaN,NaN
1,1,4.1000000000000005,1.0
1,1,5.1000000000000005,1.0
1,0,NaN,NaN
14,14,7.1000000000000005,4.0
1,1,8.1,1.0
1,0,NaN,NaN
26,20,10.100000000000001,13.0
1,1,3.1,1.0
3,3,6.1000000000000005,1.0
8,6,7.1000000000000005,8.0
1,0,NaN,NaN
1,1,6.1000000000000005,1.0
1,1,3.1,1.0
1,0,NaN,NaN
1,0,NaN,NaN
1,0,NaN,NaN
1,0,NaN,NaN
1,0,NaN,NaN
1,1,4.1000000000000005,1.0
1,0,NaN,NaN
1,1,7.1000000000000005,1.0
2,0,NaN,NaN
31,22,10.100000000000001,7.0
1,1,6.1000000000000005,1.0
2,1,7.1000000000000005,2.0
1,0,NaN,NaN
1,1,10.100000000000001,1.0
17,13,9.1,3.0
2,1,13.100000000000001,2.0
3,2,4.1000000000000005,2.0
1,0,NaN,NaN
1,1,14.100000000000001,1.0
8,4,16.1,8.0
2,2,9.1,2.0
1,0,NaN,NaN
1,1,5.1000000000000005,1.0
1,0,NaN,NaN
1,1,9.1,1.0
1,0,NaN,NaN
3,1,21.1,3.0
1,0,NaN,NaN
1,1,6.1000000000000005,1.0
1,0,NaN,NaN
1,1,7.1000000000000005,1.0
1,0,NaN,NaN
1,1,7.1000000000000005,1.0
6,4,20.1,6.0
1,0,NaN,NaN
1,1,7.1000000000000005,1.0
1,0,NaN,NaN
1,1,7.1000000000000005,1.0
24,21,5.1000000000000005,5.0
1,0,NaN,NaN
3,1,10.100000000000001,3.0
1,1,6.1000000000000005,1.0
1,1,7.1000000000000005,1.0
3,1,9.1,2.0
1,0,NaN,NaN
1,1,7.1000000000000005,1.0
1,0,NaN,NaN
1,1,14.100000000000001,1.0
1,0,NaN,NaN
1,0,NaN,NaN
1,1,10.100000000000001,1.0
1,0,NaN,NaN
1,1,8.1,1.0
1,0,NaN,NaN
2,1,8.1,2.0
1,1,10.100000000000001,1.0
1,1,5.1000000000000005,1.0
1,1,6.1000000000000005,1.0
28,19,7.1000000000000005,9.0
1,1,7.1000000000000005,1.0
1,1,6.1000000000000005,1.0
1,1,4.1000000000000005,1.0
11,5,7.1000000000000005,3.0
2,0,NaN,NaN
1,0,NaN,NaN
1,1,6.1000000000000005,1.0
2,0,NaN,NaN
2,1,15.100000000000001,2.0
6,3,13.100000000000001,6.0
7,7,4.1000000000000005,3.0
38,34,8.1,24.0
11,9,21.1,4.0
1,1,5.1000000000000005,1.0
1,0,NaN,NaN
1,1,3.1,1.0
26,16,13.100000000000001,11.0
17,13,5.1000000000000005,3.0
1,1,8.1,1.0
1,1,6.1000000000000005,1.0
2,1,7.1000000000000005,1.0
1,0,NaN,NaN
2,0,NaN,NaN
1,0,NaN,NaN
1,0,NaN,NaN
18,17,5.1000000000000005,1.0
1,1,5.1000000000000005,1.0
4,0,NaN,NaN
13,9,21.1,11.0
1,0,NaN,NaN
1,0,NaN,NaN
1,1,7.1000000000000005,1.0
1,0,NaN,NaN
1,1,7.1000000000000005,1.0
1,1,10.100000000000001,1.0
2,1,7.1000000000000005,2.0
1,1,7.1000000000000005,1.0
4,2,5.1000000000000005,3.0
1,1,14.100000000000001,1.0
1,0,NaN,NaN
3,2,15.100000000000001,3.0
1,0,NaN,NaN
1,1,4.1000000000000005,1.0
1,0,NaN,NaN
11,9,11.100000000000001,4.0
1,0,NaN,NaN
1,1,6.1000000000000005,1.0
1,1,5.1000000000000005,1.0
1,1,13.100000000000001,1.0
2,1,6.1000000000000005,2.0
12,11,5.1000000000000005,9.0
1,0,NaN,NaN
1,1,6.1000000000000005,1.0
1,0,NaN,NaN
13,10,8.1,8.0
1,1,4.1000000000000005,1.0
2,1,15.100000000000001,2.0
2,2,9.1,1.0
1,0,NaN,NaN
1,0,NaN,NaN
1,0,NaN,NaN
1,0,NaN,NaN
1,0,NaN,NaN
2,1,7.1000000000000005,2.0
18,13,8.1,2.0
1,1,8.1,1.0
1,1,7.1000000000000005,1.0
1,1,5.1000000000000005,1.0
1,1,11.100000000000001,1.0
1,0,NaN,NaN
3,3,8.1,3.0
1,1,6.1000000000000005,1.0
1,0,NaN,NaN
1,1,6.1000000000000005,1.0
28,20,8.1,11.0
2,0,NaN,NaN
1,0,NaN,NaN
1,1,7.1000000000000005,1.0
1,0,NaN,NaN
1,1,7.1000000000000005,1.0
1,0,NaN,NaN
2,2,9.1,2.0
1,1,5.1000000000000005,1.0
1,0,NaN,NaN
33,27,11.100000000000001,10.0
1,0,NaN,NaN
1,0,NaN,NaN
1,0,NaN,NaN
1,1,5.1000000000000005,1.0
3,2,10.100000000000001,3.0
1,1,5.1000000000000005,1.0
1,0,NaN,NaN
1,1,5.1000000000000005,1.0
1,1,6.1000000000000005,1.0
16,11,10.100000000000001,3.0
1,1,5.1000000000000005,1.0
2,1,14.100000000000001,2.0
1,1,5.1000000000000005,1.0
1,1,9.1,1.0
1,0,NaN,NaN
1,1,4.1000000000000005,1.0
2,2,5.1000000000000005,2.0
1,1,8.1,1.0
2,1,5.1000000000000005,2.0
1,0,NaN,NaN
2,2,7.1000000000000005,2.0
2,1,6.1000000000000005,2.0
1,1,4.1000000000000005,1.0
1,1,6.1000000000000005,1.0
1,0,NaN,NaN
1,1,7.1000000000000005,1.0
1,0,NaN,NaN
1,1,7.1000000000000005,1.0
1,1,3.1,1.0
1,1,6.1000000000000005,1.0
1,1,5.1000000000000005,1.0
4,1,16.1,4.0
1,1,4.1000000000000005,1.0
1,1,9.1,1.0
1,0,NaN,NaN
1,0,NaN,NaN
1,1,5.1000000000000005,1.0
2,2,9.1,2.0
5,4,6.1000000000000005,2.0
2,1,18.1,2.0
4,4,9.1,3.0
1,1,14.100000000000001,1.0
1,0,NaN,NaN
1,1,5.1000000000000005,1.0
1,1,3.1,1.0
1,0,NaN,NaN
1,1,5.1000000000000005,1.0
1,0,NaN,NaN
1,0,NaN,NaN
1,0,NaN,NaN
1,0,NaN,NaN
1,0,NaN,NaN
2,1,4.1000000000000005,2.0
1,1,3.1,1.0
1,0,NaN,NaN
1,0,NaN,NaN
8,6,18.1,4.0
3,2,20.1,2.0
1,0,NaN,NaN
1,0,NaN,NaN
16,10,9.1,7.0
1,0,NaN,NaN
1,1,5.1000000000000005,1.0
1,0,NaN,NaN
1,0,NaN,NaN
1,1,9.1,1.0
19,13,13.100000000000001,5.0
1,0,NaN,NaN
1,1,4.1000000000000005,1.0
3,2,8.1,3.0
1,1,6.1000000000000005,1.0
1,1,7.1000000000000005,1.0
25,17,8.1,6.0
1,0,NaN,NaN
1,0,NaN,NaN
8,7,8.1,6.0
1,0,NaN,NaN
1,0,NaN,NaN
6,5,14.100000000000001,5.0
1,1,17.1,1.0
1,0,NaN,NaN
3,2,9.1,3.0
1,0,NaN,NaN
1,1,15.100000000000001,1.0
1,1,5.1000000000000005,1.0
3,1,10.100000000000001,3.0
1,1,7.1000000000000005,1.0
1,1,4.1000000000000005,1.0
1,1,5.1000000000000005,1.0
1,0,NaN,NaN
1,1,4.1000000000000005,1.0
1,1,7.1000000000000005,1.0
1,0,NaN,NaN
1,1,7.1000000000000005,1.0
1,0,NaN,NaN
1,1,7.1000000000000005,1.0
1,1,7.1000000000000005,1.0
2,1,5.1000000000000005,2.0
1,0,NaN,NaN
1,1,7.1000000000000005,1.0
1,1,7.1000000000000005,1.0
1,0,NaN,NaN
1,0,NaN,NaN
1,1,13.100000000000001,1.0
1,0,NaN,NaN
1,1,6.1000000000000005,1.0
1,1,8.1,1.0
1,0,NaN,NaN
1,1,7.1000000000000005,1.0
1,1,14.100000000000001,1.0
1,1,5.1000000000000005,1.0
1,0,NaN,NaN
1,1,4.1000000000000005,1.0
1,0,NaN,NaN
1,1,7.1000000000000005,1.0
5,4,6.1000000000000005,2.0
1,0,NaN,NaN
1,1,4.1000000000000005,1.0
1,1,7.1000000000000005,1.0
1,0,NaN,NaN
1,0,NaN,NaN
1,0,NaN,NaN
1,0,NaN,NaN
1,1,9.1,1.0
6,4,14.100000000000001,2.0
1,1,4.1000000000000005,1.0
1,1,8.1,1.0
17,7,6.1000000000000005,1.0
2,2,7.1000000000000005,2.0
1,0,NaN,NaN
1,0,NaN,NaN
1,1,6.1000000000000005,1.0
1,0,NaN,NaN
1,1,3.1,1.0
1,1,4.1000000000000005,1.0
1,0,NaN,NaN
1,1,5.1000000000000005,1.0
1,0,NaN,NaN
1,1,3.1,1.0
1,0,NaN,NaN
10,3,5.1000000000000005,4.0
1,1,10.100000000000001,1.0
1,0,NaN,NaN
27,17,10.100000000000001,11.0
3,1,13.100000000000001,3.0
1,0,NaN,NaN
1,1,5.1000000000000005,1.0
1,1,11.100000000000001,1.0
1,1,7.1000000000000005,1.0
1,1,7.1000000000000005,1.0
1,1,6.1000000000000005,1.0
1,0,NaN,NaN
1,0,NaN,NaN
1,0,NaN,NaN
1,1,7.1000000000000005,1.0
1,1,4.1000000000000005,1.0
1,1,14.100000000000001,1.0
1,1,14.100000000000001,1.0
1,0,NaN,NaN
1,1,7.1000000000000005,1.0
1,1,5.1000000000000005,1.0
1,1,5.1000000000000005,1.0
4,2,7.1000000000000005,3.0
1,1,8.1,1.0
1,0,NaN,NaN
1,1,15.100000000000001,1.0
1,1,10.100000000000001,1.0
1,1,4.1000000000000005,1.0
1,0,NaN,NaN
3,0,NaN,NaN
3,1,12.100000000000001,3.0
1,0,NaN,NaN
1,0,NaN,NaN
1,1,7.1000000000000005,1.0
1,1,6.1000000000000005,1.0
1,0,NaN,NaN
1,1,3.1,1.0
1,0,NaN,NaN
1,1,3.1,1.0
4,0,NaN,NaN
1,0,NaN,NaN
1,1,4.1000000000000005,1.0
1,1,10.100000000000001,1.0
1,0,NaN,NaN
1,0,NaN,NaN
1,1,6.1000000000000005,1.0
1,0,NaN,NaN
1,1,7.1000000000000005,1.0
1,1,5.1000000000000005,1.0
2,2,4.1000000000000005,2.0
1,0,NaN,NaN
1,1,7.1000000000000005,1.0
1,1,6.1000000000000005,1.0
1,0,NaN,NaN
1,0,NaN,NaN
4,0,NaN,NaN
1,1,7.1000000000000005,1.0
1,1,6.1000000000000005,1.0
1,1,5.1000000000000005,1.0
1,0,NaN,NaN
3,2,4.1000000000000005,1.0
1,1,6.1000000000000005,1.0
1,0,NaN,NaN
1,1,6.1000000000000005,1.0
1,1,8.1,1.0
1,0,NaN,NaN
11,5,4.1000000000000005,3.0
1,1,8.1,1.0
1,0,NaN,NaN
1,1,7.1000000000000005,1.0
1,1,8.1,1.0
1,0,NaN,NaN
1,1,4.1000000000000005,1.0
1,1,3.1,1.0
1,1,13.100000000000001,1.0
1,0,NaN,NaN
6,2,6.1000000000000005,2.0
1,0,NaN,NaN
1,0,NaN,NaN
1,1,8.1,1.0
1,0,NaN,NaN
1,1,10.100000000000001,1.0
1,0,NaN,NaN
1,0,NaN,NaN
1,0,NaN,NaN
1,0,NaN,NaN
1,0,NaN,NaN
16,7,7.1000000000000005,4.0
1,1,17.1,1.0
1,0,NaN,NaN
1,1,4.1000000000000005,1.0
2,1,15.100000000000001,2.0
1,1,5.1000000000000005,1.0
1,0,NaN,NaN
1,1,12.100000000000001,1.0
1,1,4.1000000000000005,1.0
2,0,NaN,NaN
1,0,NaN,NaN
1,1,4.1000000000000005,1.0
1,1,7.1000000000000005,1.0
1,0,NaN,NaN
1,0,NaN,NaN
1,0,NaN,NaN
8,7,5.1000000000000005,5.0
1,1,12.100000000000001,1.0
4,2,9.1,4.0
1,0,NaN,NaN
1,0,NaN,NaN
1,1,7.1000000000000005,1.0
1,0,NaN,NaN
1,1,6.1000000000000005,1.0
1,0,NaN,NaN
1,1,4.1000000000000005,1.0
1,1,9.1,1.0
1,1,6.1000000000000005,1.0
1,1,6.1000000000000005,1.0
1,1,6.1000000000000005,1.0
5,4,7.1000000000000005,3.0
1,0,NaN,NaN
1,0,NaN,NaN
1,0,NaN,NaN
2,2,6.1000000000000005,2.0
1,0,NaN,NaN
1,0,NaN,NaN
3,1,11.100000000000001,3.0
1,0,NaN,NaN
1,1,7.1000000000000005,1.0
1,0,NaN,NaN
1,0,NaN,NaN
5,4,5.1000000000000005,1.0
1,0,NaN,NaN
1,1,4.1000000000000005,1.0
2,2,3.1,1.0
1,0,NaN,NaN
1,0,NaN,NaN
17,17,5.1000000000000005,12.0
1,0,NaN,NaN
2,1,9.1,2.0
1,1,7.1000000000000005,1.0
1,0,NaN,NaN
1,1,9.1,1.0
1,1,8.1,1.0
1,0,NaN,NaN
1,0,NaN,NaN
12,10,8.1,3.0
1,1,5.1000000000000005,1.0
1,1,4.1000000000000005,1.0
1,1,10.100000000000001,1.0
1,1,8.1,1.0
4,3,8.1,3.0
1,0,NaN,NaN
1,0,NaN,NaN
4,3,5.1000000000000005,3.0
1,1,13.100000000000001,1.0
1,1,16.1,1.0
1,1,8.1,1.0
1,1,10.100000000000001,1.0
1,0,NaN,NaN
1,1,7.1000000000000005,1.0
1,1,6.1000000000000005,1.0
1,0,NaN,NaN
1,1,7.1000000000000005,1.0
1,1,8.1,1.0
1,0,NaN,NaN
1,0,NaN,NaN
1,1,6.1000000000000005,1.0
1,0,NaN,NaN
1,1,6.1000000000000005,1.0
1,0,NaN,NaN
1,1,8.1,1.0
5,1,13.100000000000001,4.0
2,0,NaN,NaN
17,14,6.1000000000000005,3.0
1,0,NaN,NaN
1,1,3.1,1.0
1,0,NaN,NaN
1,1,6.1000000000000005,1.0
1,0,NaN,NaN
1,1,7.1000000000000005,1.0
2,2,4.1000000000000005,2.0
1,0,NaN,NaN
1,1,4.1000000000000005,1.0
1,1,4.1000000000000005,1.0
1,1,6.1000000000000005,1.0
1,0,NaN,NaN
1,1,9.1,1.0
5,5,8.1,5.0
1,0,NaN,NaN
4,2,9.1,3.0
1,1,8.1,1.0
2,1,12.100000000000001,2.0
3,2,6.1000000000000005,3.0
6,3,11.100000000000001,6.0
1,1,6.1000000000000005,1.0
1,0,NaN,NaN
3,2,6.1000000000000005,2.0
1,1,8.1,1.0
1,1,5.1000000000000005,1.0
2,1,16.1,2.0
1,1,7.1000000000000005,1.0
1,0,NaN,NaN
1,1,8.1,1.0
1,0,NaN,NaN
1,1,7.1000000000000005,1.0
2,1,3.1,1.0
1,1,4.1000000000000005,1.0
1,1,5.1000000000000005,1.0
5,3,5.1000000000000005,4.0
26,25,7.1000000000000005,7.0
1,1,5.1000000000000005,1.0
1,0,NaN,NaN
1,1,7.1000000000000005,1.0
1,1,7.1000000000000005,1.0
1,1,3.1,1.0
1,1,7.1000000000000005,1.0
2,1,6.1000000000000005,1.0
1,1,7.1000000000000005,1.0
1,1,10.100000000000001,1.0
1,0,NaN,NaN
1,1,5.1000000000000005,1.0
1,1,6.1000000000000005,1.0
1,0,NaN,NaN
1,1,5.1000000000000005,1.0
1,0,NaN,NaN
1,1,6.1000000000000005,1.0
1,0,NaN,NaN
1,0,NaN,NaN
7,4,8.1,5.0
1,0,NaN,NaN
1,0,NaN,NaN
1,0,NaN,NaN
1,0,NaN,NaN
1,1,7.1000000000000005,1.0
2,1,5.1000000000000005,1.0
1,1,4.1000000000000005,1.0
2,1,6.1000000000000005,1.0
1,0,NaN,NaN
1,0,NaN,NaN
4,1,10.100000000000001,4.0
23,10,15.100000000000001,10.0
2,0,NaN,NaN
1,1,7.1000000000000005,1.0
1,1,6.1000000000000005,1.0
35,34,5.1000000000000005,3.0
1,1,7.1000000000000005,1.0
2,0,NaN,NaN
1,1,8.1,1.0
1,1,8.1,1.0
1,0,NaN,NaN
2,2,14.100000000000001,2.0
1,0,NaN,NaN
1,0,NaN,NaN
8,5,5.1000000000000005,3.0
1,0,NaN,NaN
10,6,4.1000000000000005,4.0
1,0,NaN,NaN
1,0,NaN,NaN
1,1,3.1,1.0
7,7,4.1000000000000005,2.0
1,1,21.1,1.0
1,0,NaN,NaN
1,0,NaN,NaN
8,7,9.1,6.0
1,0,NaN,NaN
1,1,6.1000000000000005,1.0
1,1,8.1,1.0
1,0,NaN,NaN
1,0,NaN,NaN
1,1,9.1,1.0
1,1,7.1000000000000005,1.0
4,3,7.1000000000000005,4.0
16,12,6.1000000000000005,8.0
1,0,NaN,NaN
1,1,7.1000000000000005,1.0
1,0,NaN,NaN
1,0,NaN,NaN
1,0,NaN,NaN
1,1,7.1000000000000005,1.0
11,7,15.100000000000001,8.0
1,1,4.1000000000000005,1.0
31,24,12.100000000000001,9.0
2,1,24.1,2.0
32,24,4.1000000000000005,5.0
1,0,NaN,NaN
1,1,6.1000000000000005,1.0
11,9,3.1,3.0
1,0,NaN,NaN
1,0,NaN,NaN
1,1,8.1,1.0
9,5,9.1,4.0
1,1,3.1,1.0
1,1,8.1,1.0
1,1,6.1000000000000005,1.0
1,0,NaN,NaN
3,3,11.100000000000001,2.0
1,0,NaN,NaN
1,1,7.1000000000000005,1.0
1,1,9.1,1.0
1,1,11.100000000000001,1.0
1,1,6.1000000000000005,1.0
1,0,NaN,NaN
1,1,2.1,1.0
4,1,19.1,4.0
1,1,7.1000000000000005,1.0
1,1,2.1,1.0
1,0,NaN,NaN
3,2,10.100000000000001,3.0
1,1,7.1000000000000005,1.0
1,1,6.1000000000000005,1.0
1,1,8.1,1.0
1,1,7.1000000000000005,1.0
1,1,8.1,1.0
1,1,12.100000000000001,1.0
1,1,3.1,1.0
1,1,8.1,1.0
1,1,5.1000000000000005,1.0
20,18,8.1,4.0
1,0,NaN,NaN
1,1,7.1000000000000005,1.0
16,10,12.100000000000001,16.0
1,1,9.1,1.0
17,14,9.1,4.0
1,0,NaN,NaN
13,10,15.100000000000001,10.0
1,0,NaN,NaN
1,1,5.1000000000000005,1.0
2,0,NaN,NaN
1,0,NaN,NaN
1,1,7.1000000000000005,1.0
1,1,13.100000000000001,1.0
3,2,8.1,3.0
1,0,NaN,NaN
1,1,7.1000000000000005,1.0
2,0,NaN,NaN
1,0,NaN,NaN
1,0,NaN,NaN
8,5,9.1,5.0
1,1,4.1000000000000005,1.0
1,0,NaN,NaN
1,0,NaN,NaN
1,1,5.1000000000000005,1.0
1,1,6.1000000000000005,1.0
13,6,15.100000000000001,9.0
11,6,14.100000000000001,4.0
1,0,NaN,NaN
1,1,5.1000000000000005,1.0
26,24,11.100000000000001,19.0
1,1,5.1000000000000005,1.0
2,2,7.1000000000000005,1.0
1,1,7.1000000000000005,1.0
1,1,6.1000000000000005,1.0
1,1,3.1,1.0
1,0,NaN,NaN
1,0,NaN,NaN
3,2,4.1000000000000005,3.0
20,20,10.100000000000001,9.0
1,1,11.100000000000001,1.0
1,0,NaN,NaN
1,0,NaN,NaN
2,2,7.1000000000000005,2.0
2,1,18.1,2.0
1,0,NaN,NaN
19,12,12.100000000000001,5.0
1,0,NaN,NaN
5,3,8.1,3.0
2,2,5.1000000000000005,2.0
1,1,8.1,1.0
1,1,8.1,1.0
1,0,NaN,NaN
1,1,8.1,1.0
1,0,NaN,NaN
1,1,7.1000000000000005,1.0
5,5,6.1000000000000005,3.0
1,0,NaN,NaN
1,0,NaN,NaN
4,2,9.1,3.0
1,1,5.1000000000000005,1.0
1,0,NaN,NaN
1,1,10.100000000000001,1.0
1,1,7.1000000000000005,1.0
1,1,4.1000000000000005,1.0
1,0,NaN,NaN
2,2,6.1000000000000005,2.0
1,0,NaN,NaN
1,0,NaN,NaN
2,2,7.1000000000000005,2.0
1,1,8.1,1.0
2,1,10.100000000000001,2.0
1,1,14.100000000000001,1.0
4,2,6.1000000000000005,2.0
1,1,5.1000000000000005,1.0
1,1,5.1000000000000005,1.0
45,35,11.100000000000001,3.0
1,0,NaN,NaN
1,0,NaN,NaN
1,1,7.1000000000000005,1.0
1,0,NaN,NaN
8,1,8.1,4.0
1,1,4.1000000000000005,1.0
1,0,NaN,NaN
1,1,4.1000000000000005,1.0
2,0,NaN,NaN
1,0,NaN,NaN
2,2,14.100000000000001,2.0
1,0,NaN,NaN
1,1,4.1000000000000005,1.0
1,0,NaN,NaN
1,0,NaN,NaN
1,0,NaN,NaN
1,1,8.1,1.0
3,1,20.1,3.0
13,6,5.1000000000000005,3.0
1,0,NaN,NaN
1,0,NaN,NaN
2,1,5.1000000000000005,2.0
1,1,10.100000000000001,1.0
1,0,NaN,NaN
1,0,NaN,NaN
1,1,8.1,1.0
19,15,5.1000000000000005,6.0
1,0,NaN,NaN
4,1,28.1,4.0
1,1,6.1000000000000005,1.0
2,1,7.1000000000000005,2.0
17,6,6.1000000000000005,6.0
1,0,NaN,NaN
3,2,11.100000000000001,3.0
1,1,2.1,1.0
1,0,NaN,NaN
1,0,NaN,NaN
1,1,7.1000000000000005,1.0
1,0,NaN,NaN
1,1,6.1000000000000005,1.0
1,1,5.1000000000000005,1.0
3,2,5.1000000000000005,2.0
1,0,NaN,NaN
2,1,21.1,2.0
1,0,NaN,NaN
3,1,19.1,3.0
1,1,7.1000000000000005,1.0
1,1,6.1000000000000005,1.0
1,0,NaN,NaN
1,0,NaN,NaN
2,0,NaN,NaN
1,1,5.1000000000000005,1.0
1,0,NaN,NaN
1,0,NaN,NaN
3,1,30.1,3.0
1,0,NaN,NaN
3,3,7.1000000000000005,3.0
1,1,3.1,1.0
14,13,4.1000000000000005,3.0
1,1,6.1000000000000005,1.0
1,1,9.1,1.0
28,24,8.1,4.0
1,1,6.1000000000000005,1.0
1,1,10.100000000000001,1.0
1,1,7.1000000000000005,1.0
1,1,6.1000000000000005,1.0
8,4,4.1000000000000005,3.0
2,1,4.1000000000000005,2.0
1,0,NaN,NaN
1,1,6.1000000000000005,1.0
1,0,NaN,NaN
1,1,4.1000000000000005,1.0
1,0,NaN,NaN
1,1,13.100000000000001,1.0
9,5,9.1,3.0
1,1,10.100000000000001,1.0
1,0,NaN,NaN
2,2,14.100000000000001,2.0
1,1,6.1000000000000005,1.0
1,1,4.1000000000000005,1.0
1,1,6.1000000000000005,1.0
1,0,NaN,NaN
1,1,6.1000000000000005,1.0
1,1,3.1,1.0
12,8,13.100000000000001,4.0
1,1,12.100000000000001,1.0
8,3,16.1,3.0
1,0,NaN,NaN
1,0,NaN,NaN
1,1,6.1000000000000005,1.0
1,1,8.1,1.0
1,0,NaN,NaN
1,0,NaN,NaN
14,7,5.1000000000000005,2.0
1,0,NaN,NaN
1,1,5.1000000000000005,1.0
1,0,NaN,NaN
1,1,7.1000000000000005,1.0
1,0,NaN,NaN
1,1,5.1000000000000005,1.0
1,1,6.1000000000000005,1.0
3,1,20.1,3.0
14,9,14.100000000000001,11.0
4,1,15.100000000000001,3.0
1,1,7.1000000000000005,1.0
1,0,NaN,NaN
1,1,10.100000000000001,1.0
1,1,9.1,1.0
27,21,6.1000000000000005,6.0
1,1,6.1000000000000005,1.0
1,1,8.1,1.0
1,0,NaN,NaN
1,1,8.1,1.0
2,1,12.100000000000001,2.0
12,9,7.1000000000000005,5.0
1,1,5.1000000000000005,1.0
2,0,NaN,NaN
25,24,6.1000000000000005,15.0
1,0,NaN,NaN
1,1,9.1,1.0
1,1,4.1000000000000005,1.0
1,0,NaN,NaN
1,0,NaN,NaN
1,0,NaN,NaN
1,0,NaN,NaN
1,1,9.1,1.0
1,1,9.1,1.0
1,0,NaN,NaN
1,1,6.1000000000000005,1.0
1,1,7.1000000000000005,1.0
1,1,9.1,1.0
1,0,NaN,NaN
1,0,NaN,NaN
1,1,9.1,1.0
1,1,10.100000000000001,1.0
1,0,NaN,NaN
15,9,9.1,11.0
1,0,NaN,NaN
1,0,NaN,NaN
1,1,6.1000000000000005,1.0
1,1,5.1000000000000005,1.0
1,0,NaN,NaN
1,1,5.1000000000000005,1.0
2,2,5.1000000000000005,1.0
1,0,NaN,NaN
2,0,NaN,NaN
1,1,9.1,1.0
1,0,NaN,NaN
1,1,11.100000000000001,1.0
1,0,NaN,NaN
1,0,NaN,NaN
1,0,NaN,NaN
1,0,NaN,NaN
1,0,NaN,NaN
1,1,5.1000000000000005,1.0
2,2,6.1000000000000005,2.0
2,1,9.1,2.0
1,1,3.1,1.0
1,1,7.1000000000000005,1.0
1,0,NaN,NaN
15,7,7.1000000000000005,9.0
1,1,7.1000000000000005,1.0
1,1,14.100000000000001,1.0
1,1,14.100000000000001,1.0
3,2,6.1000000000000005,3.0
2,1,11.100000000000001,2.0
2,1,13.100000000000001,2.0
4,2,9.1,4.0
1,0,NaN,NaN
1,0,NaN,NaN
1,1,8.1,1.0
1,0,NaN,NaN
1,0,NaN,NaN
1,1,6.1000000000000005,1.0
1,1,7.1000000000000005,1.0
1,0,NaN,NaN
3,2,6.1000000000000005,3.0
1,0,NaN,NaN
2,0,NaN,NaN
1,1,8.1,1.0
1,0,NaN,NaN
1,1,7.1000000000000005,1.0
31,22,10.100000000000001,17.0
1,1,4.1000000000000005,1.0
1,1,7.1000000000000005,1.0
1,1,7.1000000000000005,1.0
1,0,NaN,NaN
1,1,7.1000000000000005,1.0
1,0,NaN,NaN
4,3,3.1,3.0
1,1,7.1000000000000005,1.0
1,0,NaN,NaN
1,1,14.100000000000001,1.0
1,0,NaN,NaN
14,14,4.1000000000000005,4.0
1,1,4.1000000000000005,1.0
1,0,NaN,NaN
1,1,13.100000000000001,1.0
1,1,5.1000000000000005,1.0
1,0,NaN,NaN
24,18,3.1,2.0
2,1,9.1,2.0
1,0,NaN,NaN
1,0,NaN,NaN
1,1,8.1,1.0
1,1,8.1,1.0
1,0,NaN,NaN
1,0,NaN,NaN
1,0,NaN,NaN
1,1,11.100000000000001,1.0
2,2,15.100000000000001,2.0
1,0,NaN,NaN
1,1,7.1000000000000005,1.0
1,0,NaN,NaN
1,0,NaN,NaN
1,1,7.1000000000000005,1.0
21,16,15.100000000000001,19.0
1,1,4.1000000000000005,1.0
1,1,8.1,1.0
1,1,7.1000000000000005,1.0
1,0,NaN,NaN
1,0,NaN,NaN
1,1,5.1000000000000005,1.0
1,0,NaN,NaN
1,0,NaN,NaN
1,0,NaN,NaN
1,1,6.1000000000000005,1.0
1,1,5.1000000000000005,1.0
1,0,NaN,NaN
1,0,NaN,NaN
2,1,14.100000000000001,2.0
1,0,NaN,NaN
1,0,NaN,NaN
5,3,8.1,4.0
1,1,6.1000000000000005,1.0
1,0,NaN,NaN
4,2,4.1000000000000005,2.0
1,1,5.1000000000000005,1.0
1,1,6.1000000000000005,1.0
13,11,9.1,7.0
2,0,NaN,NaN
1,0,NaN,NaN
1,1,8.1,1.0
1,1,6.1000000000000005,1.0
1,0,NaN,NaN
1,0,NaN,NaN
26,23,7.1000000000000005,8.0
1,1,4.1000000000000005,1.0
1,0,NaN,NaN
1,0,NaN,NaN
1,1,5.1000000000000005,1.0
2,0,NaN,NaN
1,1,10.100000000000001,1.0
1,1,6.1000000000000005,1.0
1,1,8.1,1.0
3,2,13.100000000000001,3.0
6,3,16.1,6.0
1,0,NaN,NaN
1,1,7.1000000000000005,1.0
1,1,7.1000000000000005,1.0
1,0,NaN,NaN
1,1,7.1000000000000005,1.0
2,2,8.1,2.0
1,1,5.1000000000000005,1.0
1,0,NaN,NaN
1,1,4.1000000000000005,1.0
2,2,8.1,2.0
1,1,9.1,1.0
1,0,NaN,NaN
2,1,14.100000000000001,2.0
1,1,5.1000000000000005,1.0
1,1,5.1000000000000005,1.0
10,10,7.1000000000000005,4.0
4,3,13.100000000000001,4.0
2,0,NaN,NaN
1,1,7.1000000000000005,1.0
1,0,NaN,NaN
5,5,6.1000000000000005,5.0
2,1,17.1,2.0
1,1,5.1000000000000005,1.0
20,19,9.1,12.0
1,1,5.1000000000000005,1.0
1,1,3.1,1.0
15,7,10.100000000000001,13.0
1,0,NaN,NaN
3,2,4.1000000000000005,3.0
1,0,NaN,NaN
1,1,6.1000000000000005,1.0
1,0,NaN,NaN
1,0,NaN,NaN
1,1,8.1,1.0
1,1,3.1,1.0
1,1,3.1,1.0
1,1,6.1000000000000005,1.0
5,2,10.100000000000001,2.0
1,1,14.100000000000001,1.0
9,3,3.1,3.0
1,1,6.1000000000000005,1.0
1,1,4.1000000000000005,1.0
1,0,NaN,NaN
1,1,4.1000000000000005,1.0
34,20,16.1,6.0
1,0,NaN,NaN
1,1,4.1000000000000005,1.0
2,2,9.1,2.0
1,0,NaN,NaN
1,0,NaN,NaN
1,1,11.100000000000001,1.0
1,1,8.1,1.0
1,0,NaN,NaN
2,1,15.100000000000001,2.0
1,1,7.1000000000000005,1.0
1,1,7.1000000000000005,1.0
1,1,3.1,1.0
2,1,4.1000000000000005,2.0
2,0,NaN,NaN
1,1,4.1000000000000005,1.0
1,0,NaN,NaN
1,0,NaN,NaN
1,1,5.1000000000000005,1.0
10,7,6.1000000000000005,2.0
1,0,NaN,NaN
1,1,15.100000000000001,1.0
1,0,NaN,NaN
1,0,NaN,NaN
2,2,4.1000000000000005,2.0
2,1,15.100000000000001,2.0
1,0,NaN,NaN
3,0,NaN,NaN
1,1,6.1000000000000005,1.0
3,3,8.1,1.0
1,1,8.1,1.0
1,1,15.100000000000001,1.0
1,1,4.1000000000000005,1.0
1,1,7.1000000000000005,1.0
1,0,NaN,NaN
1,1,4.1000000000000005,1.0
2,1,18.1,2.0
1,0,NaN,NaN
23,11,19.1,10.0
1,0,NaN,NaN
1,1,10.100000000000001,1.0
1,0,NaN,NaN
1,1,11.100000000000001,1.0
1,0,NaN,NaN
1,1,5.1000000000000005,1.0
1,1,10.100000000000001,1.0
1,1,7.1000000000000005,1.0
1,0,NaN,NaN
1,1,7.1000000000000005,1.0
1,1,9.1,1.0
1,0,NaN,NaN
1,0,NaN,NaN
1,1,7.1000000000000005,1.0
12,10,7.1000000000000005,4.0
1,0,NaN,NaN
1,1,3.1,1.0
1,0,NaN,NaN
1,0,NaN,NaN
1,0,NaN,NaN
3,1,10.100000000000001,3.0
1,1,6.1000000000000005,1.0
1,0,NaN,NaN
1,0,NaN,NaN
1,0,NaN,NaN
2,2,7.1000000000000005,1.0
7,4,12.100000000000001,6.0
1,0,NaN,NaN
5,1,24.1,5.0
8,5,6.1000000000000005,3.0
2,0,NaN,NaN
4,1,8.1,2.0
1,1,7.1000000000000005,1.0
1,0,NaN,NaN
1,0,NaN,NaN
1,0,NaN,NaN
8,5,12.100000000000001,8.0
1,0,NaN,NaN
1,0,NaN,NaN
2,1,13.100000000000001,2.0
10,9,19.1,9.0
4,4,7.1000000000000005,3.0
2,2,5.1000000000000005,2.0
1,1,3.1,1.0
1,0,NaN,NaN
1,1,6.1000000000000005,1.0
6,4,10.100000000000001,5.0
3,1,19.1,3.0
1,1,7.1000000000000005,1.0
1,0,NaN,NaN
1,0,NaN,NaN
1,0,NaN,NaN
3,1,12.100000000000001,3.0
14,12,8.1,7.0
1,0,NaN,NaN
1,1,3.1,1.0
4,3,15.100000000000001,4.0
1,1,22.1,1.0
1,1,14.100000000000001,1.0
1,1,13.100000000000001,1.0
1,0,NaN,NaN
1,0,NaN,NaN
1,1,6.1000000000000005,1.0
1,0,NaN,NaN
1,0,NaN,NaN
1,0,NaN,NaN
1,1,5.1000000000000005,1.0
5,4,8.1,5.0
1,1,8.1,1.0
1,1,3.1,1.0
1,1,8.1,1.0
1,1,10.100000000000001,1.0
1,0,NaN,NaN
1,0,NaN,NaN
1,0,NaN,NaN
1,0,NaN,NaN
1,0,NaN,NaN
1,0,NaN,NaN
1,1,7.1000000000000005,1.0
1,0,NaN,NaN
15,13,10.100000000000001,6.0
1,1,9.1,1.0
1,0,NaN,NaN
10,5,11.100000000000001,10.0
1,1,11.100000000000001,1.0
10,5,9.1,8.0
1,0,NaN,NaN
1,1,5.1000000000000005,1.0
1,1,7.1000000000000005,1.0
1,0,NaN,NaN
1,0,NaN,NaN
1,0,NaN,NaN
2,0,NaN,NaN
16,15,3.1,6.0
1,1,13.100000000000001,1.0
1,1,2.1,1.0
1,1,9.1,1.0
1,1,4.1000000000000005,1.0
1,1,6.1000000000000005,1.0
2,1,7.1000000000000005,2.0
1,0,NaN,NaN
4,2,15.100000000000001,3.0
1,0,NaN,NaN
2,2,6.1000000000000005,2.0
32,25,16.1,5.0
1,0,NaN,NaN
1,0,NaN,NaN
1,1,6.1000000000000005,1.0
1,1,6.1000000000000005,1.0
1,1,7.1000000000000005,1.0
1,1,10.100000000000001,1.0
20,14,8.1,5.0
1,1,10.100000000000001,1.0
1,1,4.1000000000000005,1.0
1,1,9.1,1.0
1,1,9.1,1.0
1,1,6.1000000000000005,1.0
12,5,5.1000000000000005,4.0
11,10,4.1000000000000005,5.0
1,1,7.1000000000000005,1.0
1,1,6.1000000000000005,1.0
1,0,NaN,NaN
1,1,10.100000000000001,1.0
1,1,9.1,1.0
1,1,8.1,1.0
1,0,NaN,NaN
1,0,NaN,NaN
1,0,NaN,NaN
1,1,7.1000000000000005,1.0
1,0,NaN,NaN
1,0,NaN,NaN
6,1,28.1,5.0
1,1,4.1000000000000005,1.0
1,0,NaN,NaN
1,1,8.1,1.0
10,10,10.100000000000001,5.0
1,1,5.1000000000000005,1.0
1,0,NaN,NaN
4,3,7.1000000000000005,2.0
1,1,11.100000000000001,1.0
1,1,6.1000000000000005,1.0
1,1,7.1000000000000005,1.0
1,1,13.100000000000001,1.0
1,1,4.1000000000000005,1.0
11,10,12.100000000000001,8.0
1,1,7.1000000000000005,1.0
1,0,NaN,NaN
7,2,13.100000000000001,5.0
1,0,NaN,NaN
3,1,5.1000000000000005,2.0
1,1,6.1000000000000005,1.0
8,6,5.1000000000000005,2.0
1,0,NaN,NaN
1,1,11.100000000000001,1.0
4,3,10.100000000000001,2.0
1,1,4.1000000000000005,1.0
1,0,NaN,NaN
1,1,4.1000000000000005,1.0
1,0,NaN,NaN
1,0,NaN,NaN
1,1,16.1,1.0
1,1,7.1000000000000005,1.0
2,0,NaN,NaN
1,1,7.1000000000000005,1.0
1,1,7.1000000000000005,1.0
1,1,7.1000000000000005,1.0
1,1,5.1000000000000005,1.0
2,1,4.1000000000000005,2.0
2,0,NaN,NaN
1,0,NaN,NaN
1,1,6.1000000000000005,1.0
1,1,5.1000000000000005,1.0
1,1,6.1000000000000005,1.0
1,0,NaN,NaN
1,0,NaN,NaN
1,0,NaN,NaN
1,1,9.1,1.0
9,7,8.1,5.0
1,1,6.1000000000000005,1.0
3,2,10.100000000000001,2.0
7,4,9.1,7.0
2,1,17.1,2.0
1,0,NaN,NaN
1,0,NaN,NaN
1,1,4.1000000000000005,1.0
1,0,NaN,NaN
1,1,7.1000000000000005,1.0
1,0,NaN,NaN
1,0,NaN,NaN
1,1,7.1000000000000005,1.0
1,1,22.1,1.0
15,14,9.1,4.0
1,1,8.1,1.0
1,1,15.100000000000001,1.0
2,0,NaN,NaN
1,1,5.1000000000000005,1.0
1,0,NaN,NaN
1,1,9.1,1.0
1,0,NaN,NaN
1,0,NaN,NaN
1,0,NaN,NaN
1,1,5.1000000000000005,1.0
2,1,18.1,2.0
3,2,11.100000000000001,3.0
1,0,NaN,NaN
1,1,6.1000000000000005,1.0
1,1,5.1000000000000005,1.0
1,1,5.1000000000000005,1.0
1,0,NaN,NaN
1,0,NaN,NaN
13,12,13.100000000000001,4.0
1,1,8.1,1.0
1,1,5.1000000000000005,1.0
1,0,NaN,NaN
15,12,5.1000000000000005,5.0
4,2,10.100000000000001,4.0
1,0,NaN,NaN
1,0,NaN,NaN
1,1,7.1000000000000005,1.0
1,1,6.1000000000000005,1.0
8,4,8.1,4.0
1,0,NaN,NaN
2,1,6.1000000000000005,1.0
1,1,7.1000000000000005,1.0
1,0,NaN,NaN
2,1,14.100000000000001,2.0
1,0,NaN,NaN
1,0,NaN,NaN
1,0,NaN,NaN
1,1,9.1,1.0
1,1,7.1000000000000005,1.0
1,1,8.1,1.0
1,1,7.1000000000000005,1.0
1,1,4.1000000000000005,1.0
1,1,6.1000000000000005,1.0
1,0,NaN,NaN
4,2,12.100000000000001,4.0
1,0,NaN,NaN
1,1,6.1000000000000005,1.0
1,1,5.1000000000000005,1.0
1,1,8.1,1.0
1,1,7.1000000000000005,1.0
1,0,NaN,NaN
1,1,6.1000000000000005,1.0
1,0,NaN,NaN
1,1,7.1000000000000005,1.0
1,1,7.1000000000000005,1.0
1,0,NaN,NaN
1,1,3.1,1.0
16,15,7.1000000000000005,15.0
12,7,14.100000000000001,8.0
8,8,5.1000000000000005,5.0
1,1,9.1,1.0
21,17,11.100000000000001,2.0
1,1,5.1000000000000005,1.0
1,0,NaN,NaN
1,0,NaN,NaN
1,1,7.1000000000000005,1.0
1,1,7.1000000000000005,1.0
1,1,3.1,1.0
1,0,NaN,NaN
1,1,15.100000000000001,1.0
1,1,5.1000000000000005,1.0
1,1,7.1000000000000005,1.0
65,60,6.1000000000000005,19.0
1,1,4.1000000000000005,1.0
1,1,4.1000000000000005,1.0
1,0,NaN,NaN
1,0,NaN,NaN
1,0,NaN,NaN
1,1,5.1000000000000005,1.0
1,1,9.1,1.0
2,0,NaN,NaN
1,1,4.1000000000000005,1.0
1,1,6.1000000000000005,1.0
1,1,7.1000000000000005,1.0
1,0,NaN,NaN
1,0,NaN,NaN
1,1,14.100000000000001,1.0
1,1,4.1000000000000005,1.0
1,1,7.1000000000000005,1.0
1,1,6.1000000000000005,1.0
1,0,NaN,NaN
1,1,7.1000000000000005,1.0
6,3,8.1,3.0
1,1,13.100000000000001,1.0
1,0,NaN,NaN
1,0,NaN,NaN
1,1,7.1000000000000005,1.0
1,0,NaN,NaN
1,1,7.1000000000000005,1.0
1,1,8.1,1.0
11,6,7.1000000000000005,3.0
1,1,8.1,1.0
1,1,6.1000000000000005,1.0
1,1,10.100000000000001,1.0
12,3,25.1,8.0
1,1,6.1000000000000005,1.0
3,1,10.100000000000001,3.0
3,0,NaN,NaN
1,0,NaN,NaN
1,0,NaN,NaN
1,1,7.1000000000000005,1.0
1,0,NaN,NaN
1,1,8.1,1.0
1,1,13.100000000000001,1.0
1,1,11.100000000000001,1.0
1,1,4.1000000000000005,1.0
1,0,NaN,NaN
6,4,7.1000000000000005,2.0
1,1,6.1000000000000005,1.0
2,1,5.1000000000000005,1.0
1,0,NaN,NaN
1,0,NaN,NaN
1,1,6.1000000000000005,1.0
1,0,NaN,NaN
1,0,NaN,NaN
1,0,NaN,NaN
1,1,6.1000000000000005,1.0
2,1,15.100000000000001,2.0
7,6,6.1000000000000005,2.0
3,3,6.1000000000000005,3.0
1,1,8.1,1.0
2,2,4.1000000000000005,2.0
1,0,NaN,NaN
1,1,4.1000000000000005,1.0
1,0,NaN,NaN
1,1,10.100000000000001,1.0
24,23,6.1000000000000005,5.0
1,1,4.1000000000000005,1.0
1,0,NaN,NaN
1,1,8.1,1.0
20,11,8.1,12.0
1,0,NaN,NaN
5,2,7.1000000000000005,4.0
1,0,NaN,NaN
1,1,3.1,1.0
1,0,NaN,NaN
1,1,9.1,1.0
1,1,14.100000000000001,1.0
1,0,NaN,NaN
1,1,6.1000000000000005,1.0
1,1,11.100000000000001,1.0
1,0,NaN,NaN
1,0,NaN,NaN
1,0,NaN,NaN
1,0,NaN,NaN
1,1,7.1000000000000005,1.0
1,1,4.1000000000000005,1.0
1,1,4.1000000000000005,1.0
3,2,14.100000000000001,3.0
2,1,13.100000000000001,2.0
1,0,NaN,NaN
1,0,NaN,NaN
1,0,NaN,NaN
1,1,4.1000000000000005,1.0
8,7,11.100000000000001,6.0
1,0,NaN,NaN
1,1,5.1000000000000005,1.0
1,1,10.100000000000001,1.0
1,1,4.1000000000000005,1.0
1,1,8.1,1.0
1,1,5.1000000000000005,1.0
1,0,NaN,NaN
1,1,7.1000000000000005,1.0
2,2,4.1000000000000005,2.0
1,1,9.1,1.0
8,3,15.100000000000001,8.0
1,0,NaN,NaN
1,0,NaN,NaN
1,1,6.1000000000000005,1.0
1,0,NaN,NaN
1,0,NaN,NaN
1,0,NaN,NaN
1,1,6.1000000000000005,1.0
5,1,15.100000000000001,5.0
1,1,7.1000000000000005,1.0
1,1,8.1,1.0
1,1,3.1,1.0
18,15,14.100000000000001,13.0
18,9,9.1,4.0
5,2,5.1000000000000005,4.0
19,18,10.100000000000001,12.0
11,3,14.100000000000001,5.0
1,0,NaN,NaN
1,0,NaN,NaN
1,1,12.100000000000001,1.0
1,1,8.1,1.0
1,1,9.1,1.0
1,1,12.100000000000001,1.0
3,1,16.1,3.0
1,0,NaN,NaN
14,11,6.1000000000000005,3.0
1,1,14.100000000000001,1.0
2,2,9.1,2.0
1,1,6.1000000000000005,1.0
1,0,NaN,NaN
1,0,NaN,NaN
1,1,3.1,1.0
1,1,7.1000000000000005,1.0
1,0,NaN,NaN
1,0,NaN,NaN
1,1,8.1,1.0
4,0,NaN,NaN
1,1,6.1000000000000005,1.0
1,1,3.1,1.0
2,1,20.1,2.0
1,1,6.1000000000000005,1.0
1,0,NaN,NaN
1,1,10.100000000000001,1.0
1,1,2.1,1.0
2,2,6.1000000000000005,2.0
1,0,NaN,NaN
1,1,10.100000000000001,1.0
20,16,9.1,3.0
1,0,NaN,NaN
2,1,15.100000000000001,2.0
1,0,NaN,NaN
1,1,9.1,1.0
1,1,9.1,1.0
1,0,NaN,NaN
1,0,NaN,NaN
4,4,6.1000000000000005,3.0
1,1,6.1000000000000005,1.0
1,1,8.1,1.0
1,1,4.1000000000000005,1.0
1,0,NaN,NaN
1,0,NaN,NaN
1,1,12.100000000000001,1.0
1,1,13.100000000000001,1.0
1,1,8.1,1.0
1,0,NaN,NaN
2,1,9.1,2.0
1,0,NaN,NaN
1,1,9.1,1.0
1,0,NaN,NaN
2,2,10.100000000000001,1.0
1,1,9.1,1.0
3,0,NaN,NaN
1,0,NaN,NaN
1,1,10.100000000000001,1.0
1,1,7.1000000000000005,1.0
1,1,5.1000000000000005,1.0
1,1,4.1000000000000005,1.0
1,0,NaN,NaN
1,1,4.1000000000000005,1.0
1,1,6.1000000000000005,1.0
15,15,5.1000000000000005,6.0
1,1,10.100000000000001,1.0
1,1,14.100000000000001,1.0
1,0,NaN,NaN
1,1,4.1000000000000005,1.0
1,0,NaN,NaN
1,1,4.1000000000000005,1.0
1,1,7.1000000000000005,1.0
1,0,NaN,NaN
1,1,8.1,1.0
1,0,NaN,NaN
1,0,NaN,NaN
1,1,7.1000000000000005,1.0
1,0,NaN,NaN
1,1,7.1000000000000005,1.0
4,1,13.100000000000001,4.0
3,2,6.1000000000000005,3.0
1,1,11.100000000000001,1.0
1,0,NaN,NaN
1,1,8.1,1.0
1,0,NaN,NaN
1,1,5.1000000000000005,1.0
1,0,NaN,NaN
3,1,17.1,3.0
1,1,6.1000000000000005,1.0
1,1,5.1000000000000005,1.0
1,0,NaN,NaN
2,1,10.100000000000001,2.0
1,1,8.1,1.0
1,0,NaN,NaN
1,1,9.1,1.0
19,9,4.1000000000000005,4.0
1,1,8.1,1.0
1,0,NaN,NaN
1,1,7.1000000000000005,1.0
8,3,5.1000000000000005,6.0
7,3,17.1,4.0
12,12,7.1000000000000005,8.0
1,1,7.1000000000000005,1.0
1,0,NaN,NaN
1,1,9.1,1.0
1,1,4.1000000000000005,1.0
1,1,8.1,1.0
1,1,5.1000000000000005,1.0
1,1,12.100000000000001,1.0
1,1,6.1000000000000005,1.0
1,0,NaN,NaN
1,1,6.1000000000000005,1.0
1,1,6.1000000000000005,1.0
2,0,NaN,NaN
1,0,NaN,NaN
1,0,NaN,NaN
1,1,4.1000000000000005,1.0
1,0,NaN,NaN
1,1,6.1000000000000005,1.0
2,1,8.1,2.0
1,1,4.1000000000000005,1.0
1,1,7.1000000000000005,1.0
1,1,7.1000000000000005,1.0
1,1,4.1000000000000005,1.0
2,1,4.1000000000000005,1.0
1,0,NaN,NaN
1,0,NaN,NaN
1,0,NaN,NaN
1,0,NaN,NaN
1,1,7.1000000000000005,1.0
8,8,5.1000000000000005,3.0
1,0,NaN,NaN
2,1,10.100000000000001,2.0
1,0,NaN,NaN
1,1,8.1,1.0
1,1,8.1,1.0
1,0,NaN,NaN
8,3,12.100000000000001,5.0
1,0,NaN,NaN
1,0,NaN,NaN
2,1,10.100000000000001,2.0
2,1,7.1000000000000005,2.0
2,1,19.1,2.0
1,0,NaN,NaN
1,0,NaN,NaN
1,1,7.1000000000000005,1.0
1,1,6.1000000000000005,1.0
1,1,9.1,1.0
1,1,7.1000000000000005,1.0
4,4,6.1000000000000005,4.0
1,0,NaN,NaN
1,1,8.1,1.0
1,1,5.1000000000000005,1.0
1,1,12.100000000000001,1.0
1,1,7.1000000000000005,1.0
1,1,5.1000000000000005,1.0
1,1,9.1,1.0
1,0,NaN,NaN
1,1,6.1000000000000005,1.0
4,3,9.1,4.0
1,1,5.1000000000000005,1.0
1,0,NaN,NaN
1,0,NaN,NaN
2,1,4.1000000000000005,2.0
1,1,3.1,1.0
1,0,NaN,NaN
1,0,NaN,NaN
1,0,NaN,NaN
1,1,4.1000000000000005,1.0
1,1,5.1000000000000005,1.0
1,0,NaN,NaN
38,37,9.1,3.0
1,0,NaN,NaN
3,2,6.1000000000000005,1.0
1,1,8.1,1.0
6,2,11.100000000000001,3.0
3,2,7.1000000000000005,2.0
1,0,NaN,NaN
1,1,5.1000000000000005,1.0
1,0,NaN,NaN
1,1,8.1,1.0
2,2,6.1000000000000005,2.0
1,1,7.1000000000000005,1.0
3,1,10.100000000000001,3.0
1,0,NaN,NaN
1,1,7.1000000000000005,1.0
1,1,6.1000000000000005,1.0
1,1,4.1000000000000005,1.0
1,0,NaN,NaN
1,1,8.1,1.0
1,0,NaN,NaN
15,14,4.1000000000000005,1.0
1,1,9.1,1.0
1,1,8.1,1.0
1,1,8.1,1.0
1,1,6.1000000000000005,1.0
14,12,16.1,5.0
1,1,6.1000000000000005,1.0
1,1,4.1000000000000005,1.0
1,0,NaN,NaN
1,1,5.1000000000000005,1.0
1,1,3.1,1.0
1,1,8.1,1.0
1,1,7.1000000000000005,1.0
1,1,7.1000000000000005,1.0
1,0,NaN,NaN
1,1,6.1000000000000005,1.0
1,0,NaN,NaN
2,2,8.1,2.0
18,10,12.100000000000001,6.0
1,0,NaN,NaN
1,1,7.1000000000000005,1.0
1,1,10.100000000000001,1.0
1,1,9.1,1.0
1,1,10.100000000000001,1.0
3,2,15.100000000000001,3.0
1,1,12.100000000000001,1.0
1,1,7.1000000000000005,1.0
1,0,NaN,NaN
1,0,NaN,NaN
1,0,NaN,NaN
1,0,NaN,NaN
1,1,4.1000000000000005,1.0
1,1,6.1000000000000005,1.0
1,1,4.1000000000000005,1.0
1,1,6.1000000000000005,1.0
1,1,8.1,1.0
1,1,7.1000000000000005,1.0
4,4,9.1,3.0
1,1,8.1,1.0
23,22,5.1000000000000005,6.0
1,1,4.1000000000000005,1.0
2,0,NaN,NaN
1,0,NaN,NaN
1,0,NaN,NaN
1,1,8.1,1.0
1,1,6.1000000000000005,1.0
1,0,NaN,NaN
1,0,NaN,NaN
1,1,8.1,1.0
2,1,15.100000000000001,2.0
3,1,7.1000000000000005,3.0
1,1,28.1,1.0
1,1,7.1000000000000005,1.0
5,2,16.1,3.0
1,1,7.1000000000000005,1.0
1,0,NaN,NaN
1,1,4.1000000000000005,1.0
5,2,7.1000000000000005,3.0
1,1,4.1000000000000005,1.0
1,1,4.1000000000000005,1.0
7,3,22.1,3.0
1,1,4.1000000000000005,1.0
3,1,9.1,1.0
1,1,3.1,1.0
1,1,8.1,1.0
1,0,NaN,NaN
2,1,20.1,2.0
1,1,6.1000000000000005,1.0
1,1,3.1,1.0
1,1,6.1000000000000005,1.0
1,0,NaN,NaN
1,1,5.1000000000000005,1.0
1,1,4.1000000000000005,1.0
1,1,14.100000000000001,1.0
1,1,13.100000000000001,1.0
1,1,7.1000000000000005,1.0
2,1,9.1,2.0
1,0,NaN,NaN
1,1,6.1000000000000005,1.0
1,0,NaN,NaN
1,1,4.1000000000000005,1.0
1,1,13.100000000000001,1.0
1,1,13.100000000000001,1.0
2,1,15.100000000000001,2.0
1,1,3.1,1.0
1,1,8.1,1.0
1,1,5.1000000000000005,1.0
1,0,NaN,NaN
1,0,NaN,NaN
1,0,NaN,NaN
1,1,7.1000000000000005,1.0
2,1,2.1,2.0
1,0,NaN,NaN
1,0,NaN,NaN
1,1,10.100000000000001,1.0
1,1,6.1000000000000005,1.0
1,1,2.1,1.0
1,0,NaN,NaN
1,0,NaN,NaN
1,0,NaN,NaN
1,0,NaN,NaN
1,0,NaN,NaN
1,1,4.1000000000000005,1.0
1,1,3.1,1.0
1,0,NaN,NaN
1,0,NaN,NaN
1,1,5.1000000000000005,1.0
1,1,13.100000000000001,1.0
1,1,6.1000000000000005,1.0
2,2,4.1000000000000005,1.0
1,1,6.1000000000000005,1.0
1,1,6.1000000000000005,1.0
1,1,8.1,1.0
1,1,5.1000000000000005,1.0
3,1,22.1,3.0
1,0,NaN,NaN
1,0,NaN,NaN
1,1,7.1000000000000005,1.0
1,0,NaN,NaN
2,2,9.1,2.0
1,0,NaN,NaN
1,1,7.1000000000000005,1.0
1,1,4.1000000000000005,1.0
1,0,NaN,NaN
1,0,NaN,NaN
1,0,NaN,NaN
1,0,NaN,NaN
5,4,5.1000000000000005,3.0
1,1,6.1000000000000005,1.0
1,1,5.1000000000000005,1.0
1,1,7.1000000000000005,1.0
1,1,7.1000000000000005,1.0
1,1,4.1000000000000005,1.0
1,0,NaN,NaN
1,0,NaN,NaN
1,0,NaN,NaN
1,0,NaN,NaN
1,0,NaN,NaN
1,1,7.1000000000000005,1.0
4,0,NaN,NaN
1,1,7.1000000000000005,1.0
6,5,9.1,3.0
1,0,NaN,NaN
1,0,NaN,NaN
7,5,7.1000000000000005,3.0
2,1,14.100000000000001,2.0
1,0,NaN,NaN
1,0,NaN,NaN
1,1,7.1000000000000005,1.0
1,1,4.1000000000000005,1.0
1,1,6.1000000000000005,1.0
2,1,11.100000000000001,2.0
1,1,9.1,1.0
2,2,3.1,1.0
1,1,4.1000000000000005,1.0
1,1,4.1000000000000005,1.0
33,23,7.1000000000000005,7.0
1,0,NaN,NaN
1,0,NaN,NaN
3,2,7.1000000000000005,3.0
2,2,5.1000000000000005,2.0
1,1,10.100000000000001,1.0
5,3,6.1000000000000005,5.0
2,0,NaN,NaN
1,1,5.1000000000000005,1.0
5,1,26.1,5.0
1,1,10.100000000000001,1.0
15,12,19.1,7.0
1,0,NaN,NaN
1,1,8.1,1.0
17,13,10.100000000000001,4.0
1,1,3.1,1.0
1,1,2.1,1.0
1,1,2.1,1.0
2,1,4.1000000000000005,1.0
1,1,4.1000000000000005,1.0
1,1,6.1000000000000005,1.0
1,1,7.1000000000000005,1.0
2,1,6.1000000000000005,2.0
1,0,NaN,NaN
8,5,8.1,3.0
1,0,NaN,NaN
1,1,21.1,1.0
6,5,13.100000000000001,6.0
1,1,7.1000000000000005,1.0
1,1,8.1,1.0
1,0,NaN,NaN
3,1,5.1000000000000005,3.0
1,1,3.1,1.0
1,1,8.1,1.0
1,0,NaN,NaN
2,0,NaN,NaN
1,1,12.100000000000001,1.0
1,1,8.1,1.0
1,1,7.1000000000000005,1.0
26,19,31.1,4.0
1,1,7.1000000000000005,1.0
1,0,NaN,NaN
1,1,5.1000000000000005,1.0
1,1,4.1000000000000005,1.0
2,1,7.1000000000000005,2.0
1,0,NaN,NaN
1,1,7.1000000000000005,1.0
1,0,NaN,NaN
1,0,NaN,NaN
1,0,NaN,NaN
1,1,6.1000000000000005,1.0
1,0,NaN,NaN
1,0,NaN,NaN
1,1,5.1000000000000005,1.0
1,1,4.1000000000000005,1.0
1,1,4.1000000000000005,1.0
1,1,4.1000000000000005,1.0
1,1,14.100000000000001,1.0
1,0,NaN,NaN
15,5,20.1,12.0
1,0,NaN,NaN
1,0,NaN,NaN
7,4,10.100000000000001,4.0
1,0,NaN,NaN
1,1,4.1000000000000005,1.0
11,11,5.1000000000000005,7.0
1,1,6.1000000000000005,1.0
1,0,NaN,NaN
1,1,5.1000000000000005,1.0
1,1,3.1,1.0
1,1,3.1,1.0
1,1,8.1,1.0
1,0,NaN,NaN
1,0,NaN,NaN
1,0,NaN,NaN
1,1,4.1000000000000005,1.0
1,0,NaN,NaN
1,1,7.1000000000000005,1.0
1,0,NaN,NaN
1,0,NaN,NaN
1,1,4.1000000000000005,1.0
1,0,NaN,NaN
1,0,NaN,NaN
1,1,10.100000000000001,1.0
2,1,7.1000000000000005,2.0
5,4,13.100000000000001,5.0
1,1,4.1000000000000005,1.0
1,1,6.1000000000000005,1.0
2,0,NaN,NaN
1,0,NaN,NaN
2,0,NaN,NaN
1,0,NaN,NaN
1,0,NaN,NaN
1,1,7.1000000000000005,1.0
1,1,6.1000000000000005,1.0
1,1,4.1000000000000005,1.0
1,1,10.100000000000001,1.0
10,9,4.1000000000000005,2.0
1,1,10.100000000000001,1.0
1,0,NaN,NaN
1,0,NaN,NaN
1,0,NaN,NaN
1,0,NaN,NaN
1,1,9.1,1.0
1,1,7.1000000000000005,1.0
1,0,NaN,NaN
7,6,10.100000000000001,6.0
1,0,NaN,NaN
2,2,5.1000000000000005,2.0
1,0,NaN,NaN
1,0,NaN,NaN
1,0,NaN,NaN
1,0,NaN,NaN
1,0,NaN,NaN
1,0,NaN,NaN
1,0,NaN,NaN
1,0,NaN,NaN
1,0,NaN,NaN
1,1,9.1,1.0
1,0,NaN,NaN
60,57,4.1000000000000005,13.0
1,0,NaN,NaN
1,0,NaN,NaN
2,1,5.1000000000000005,1.0
1,1,4.1000000000000005,1.0
10,6,8.1,1.0
1,0,NaN,NaN
1,1,4.1000000000000005,1.0
1,1,5.1000000000000005,1.0
1,1,7.1000000000000005,1.0
1,1,5.1000000000000005,1.0
1,1,8.1,1.0
1,1,6.1000000000000005,1.0
1,1,7.1000000000000005,1.0
1,1,9.1,1.0
1,1,9.1,1.0
29,26,9.1,11.0
1,0,NaN,NaN
1,1,9.1,1.0
1,1,7.1000000000000005,1.0
20,15,7.1000000000000005,8.0
1,1,6.1000000000000005,1.0
1,0,NaN,NaN
1,1,7.1000000000000005,1.0
1,1,8.1,1.0
6,5,21.1,6.0
1,0,NaN,NaN
1,1,5.1000000000000005,1.0
1,0,NaN,NaN
1,1,7.1000000000000005,1.0
1,0,NaN,NaN
1,0,NaN,NaN
1,1,7.1000000000000005,1.0
1,1,4.1000000000000005,1.0
1,1,7.1000000000000005,1.0
1,1,8.1,1.0
1,1,9.1,1.0
15,11,17.1,13.0
1,1,9.1,1.0
2,0,NaN,NaN
1,1,13.100000000000001,1.0
7,3,19.1,7.0
1,0,NaN,NaN
1,0,NaN,NaN
1,1,7.1000000000000005,1.0
1,0,NaN,NaN
1,0,NaN,NaN
1,1,3.1,1.0
1,1,6.1000000000000005,1.0
1,0,NaN,NaN
1,1,5.1000000000000005,1.0
19,15,14.100000000000001,8.0
1,0,NaN,NaN
1,0,NaN,NaN
1,0,NaN,NaN
2,2,7.1000000000000005,2.0
3,1,17.1,3.0
1,1,8.1,1.0
1,0,NaN,NaN
1,0,NaN,NaN
1,0,NaN,NaN
1,1,7.1000000000000005,1.0
1,1,4.1000000000000005,1.0
7,6,8.1,3.0
12,11,6.1000000000000005,4.0
1,0,NaN,NaN
2,1,6.1000000000000005,2.0
1,0,NaN,NaN
1,1,4.1000000000000005,1.0
1,0,NaN,NaN
1,1,6.1000000000000005,1.0
1,0,NaN,NaN
1,1,7.1000000000000005,1.0
15,13,7.1000000000000005,6.0
1,1,8.1,1.0
1,0,NaN,NaN
1,1,6.1000000000000005,1.0
1,0,NaN,NaN
1,0,NaN,NaN
1,0,NaN,NaN
3,2,6.1000000000000005,2.0
1,1,8.1,1.0
1,0,NaN,NaN
1,1,8.1,1.0
1,1,11.100000000000001,1.0
13,5,10.100000000000001,9.0
1,0,NaN,NaN
1,1,8.1,1.0
1,0,NaN,NaN
1,1,8.1,1.0
1,0,NaN,NaN
1,1,7.1000000000000005,1.0
4,0,NaN,NaN
1,0,NaN,NaN
1,0,NaN,NaN
1,0,NaN,NaN
4,2,9.1,2.0
1,0,NaN,NaN
1,1,9.1,1.0
1,0,NaN,NaN
1,0,NaN,NaN
1,0,NaN,NaN
1,0,NaN,NaN
1,0,NaN,NaN
1,1,4.1000000000000005,1.0
1,1,5.1000000000000005,1.0
1,0,NaN,NaN
57,31,7.1000000000000005,7.0
1,0,NaN,NaN
1,0,NaN,NaN
1,1,14.100000000000001,1.0
1,1,3.1,1.0
15,13,4.1000000000000005,2.0
1,1,9.1,1.0
1,1,6.1000000000000005,1.0
1,1,4.1000000000000005,1.0
1,0,NaN,NaN
1,1,6.1000000000000005,1.0
4,2,6.1000000000000005,4.0
1,0,NaN,NaN
22,22,12.100000000000001,15.0
1,1,14.100000000000001,1.0
1,0,NaN,NaN
1,0,NaN,NaN
1,0,NaN,NaN
1,0,NaN,NaN
1,1,14.100000000000001,1.0
27,22,6.1000000000000005,2.0
1,1,6.1000000000000005,1.0
1,1,12.100000000000001,1.0
1,0,NaN,NaN
1,0,NaN,NaN
1,0,NaN,NaN
1,0,NaN,NaN
1,1,8.1,1.0
1,1,7.1000000000000005,1.0
7,4,14.100000000000001,6.0
1,1,7.1000000000000005,1.0
2,1,20.1,2.0
1,1,6.1000000000000005,1.0
4,4,7.1000000000000005,2.0
18,9,12.100000000000001,12.0
3,0,NaN,NaN
2,2,5.1000000000000005,1.0
1,0,NaN,NaN
1,0,NaN,NaN
1,0,NaN,NaN
1,0,NaN,NaN
1,0,NaN,NaN
1,0,NaN,NaN
2,1,16.1,2.0
1,0,NaN,NaN
1,1,7.1000000000000005,1.0
1,1,3.1,1.0
7,4,6.1000000000000005,4.0
1,0,NaN,NaN
1,0,NaN,NaN
1,0,NaN,NaN
1,1,14.100000000000001,1.0
5,3,8.1,3.0
1,0,NaN,NaN
4,2,7.1000000000000005,2.0
1,1,11.100000000000001,1.0
1,0,NaN,NaN
1,1,3.1,1.0
1,0,NaN,NaN
1,1,10.100000000000001,1.0
1,0,NaN,NaN
1,0,NaN,NaN
2,1,12.100000000000001,2.0
1,0,NaN,NaN
1,1,3.1,1.0
1,0,NaN,NaN
1,1,6.1000000000000005,1.0
1,1,8.1,1.0
1,0,NaN,NaN
1,1,8.1,1.0
1,0,NaN,NaN
2,0,NaN,NaN
1,1,11.100000000000001,1.0
21,14,8.1,9.0
26,22,11.100000000000001,11.0
2,2,4.1000000000000005,1.0
4,2,9.1,3.0
1,1,5.1000000000000005,1.0
9,5,17.1,8.0
5,3,12.100000000000001,5.0
1,0,NaN,NaN
1,0,NaN,NaN
1,0,NaN,NaN
1,0,NaN,NaN
1,0,NaN,NaN
1,0,NaN,NaN
5,5,3.1,1.0
1,0,NaN,NaN
1,0,NaN,NaN
2,1,12.100000000000001,2.0
1,1,7.1000000000000005,1.0
1,0,NaN,NaN
1,0,NaN,NaN
15,13,6.1000000000000005,4.0
1,1,6.1000000000000005,1.0
1,1,7.1000000000000005,1.0
1,1,14.100000000000001,1.0
1,1,5.1000000000000005,1.0
6,5,10.100000000000001,6.0
1,0,NaN,NaN
9,5,3.1,3.0
1,1,5.1000000000000005,1.0
1,1,5.1000000000000005,1.0
1,1,7.1000000000000005,1.0
1,1,5.1000000000000005,1.0
1,0,NaN,NaN
1,1,7.1000000000000005,1.0
1,1,8.1,1.0
1,1,5.1000000000000005,1.0
1,1,6.1000000000000005,1.0
1,0,NaN,NaN
1,0,NaN,NaN
1,1,6.1000000000000005,1.0
1,0,NaN,NaN
1,1,7.1000000000000005,1.0
1,0,NaN,NaN
1,1,7.1000000000000005,1.0
4,1,12.100000000000001,3.0
1,1,4.1000000000000005,1.0
1,0,NaN,NaN
1,1,6.1000000000000005,1.0
1,1,5.1000000000000005,1.0
4,3,7.1000000000000005,2.0
1,1,14.100000000000001,1.0
1,1,5.1000000000000005,1.0
10,2,10.100000000000001,3.0
1,0,NaN,NaN
1,0,NaN,NaN
10,2,10.100000000000001,6.0
1,0,NaN,NaN
2,2,7.1000000000000005,2.0
1,1,7.1000000000000005,1.0
1,0,NaN,NaN
10,6,11.100000000000001,6.0
2,2,7.1000000000000005,2.0
1,0,NaN,NaN
1,0,NaN,NaN
1,1,8.1,1.0
1,1,8.1,1.0
1,1,9.1,1.0
1,1,7.1000000000000005,1.0
1,1,4.1000000000000005,1.0
1,1,7.1000000000000005,1.0
5,2,13.100000000000001,4.0
3,3,9.1,3.0
1,0,NaN,NaN
14,13,12.100000000000001,13.0
5,4,15.100000000000001,4.0
1,1,9.1,1.0
1,1,4.1000000000000005,1.0
2,1,5.1000000000000005,2.0
1,1,7.1000000000000005,1.0
2,1,8.1,2.0
1,1,6.1000000000000005,1.0
1,0,NaN,NaN
2,2,4.1000000000000005,2.0
1,0,NaN,NaN
1,0,NaN,NaN
1,0,NaN,NaN
1,1,9.1,1.0
1,0,NaN,NaN
15,12,12.100000000000001,14.0
6,4,5.1000000000000005,1.0
2,1,9.1,2.0
1,1,8.1,1.0
1,0,NaN,NaN
2,0,NaN,NaN
16,15,5.1000000000000005,2.0
1,1,9.1,1.0
1,1,5.1000000000000005,1.0
1,1,9.1,1.0
10,9,4.1000000000000005,6.0
1,1,9.1,1.0
9,4,12.100000000000001,7.0
3,0,NaN,NaN
1,1,8.1,1.0
1,1,9.1,1.0
1,1,5.1000000000000005,1.0
1,0,NaN,NaN
3,2,4.1000000000000005,1.0
1,0,NaN,NaN
6,1,20.1,6.0
1,1,10.100000000000001,1.0
1,0,NaN,NaN
1,1,7.1000000000000005,1.0
2,1,14.100000000000001,2.0
1,1,4.1000000000000005,1.0
1,1,7.1000000000000005,1.0
4,2,10.100000000000001,4.0
1,1,9.1,1.0
3,2,8.1,3.0
1,0,NaN,NaN
1,1,9.1,1.0
4,1,12.100000000000001,4.0
1,0,NaN,NaN
1,1,4.1000000000000005,1.0
1,0,NaN,NaN
3,3,11.100000000000001,3.0
1,0,NaN,NaN
1,0,NaN,NaN
1,0,NaN,NaN
1,1,11.100000000000001,1.0
1,1,2.1,1.0
1,1,8.1,1.0
1,1,8.1,1.0
2,1,19.1,2.0
1,1,10.100000000000001,1.0
1,1,5.1000000000000005,1.0
1,1,10.100000000000001,1.0
1,0,NaN,NaN
1,1,7.1000000000000005,1.0
2,1,19.1,2.0
1,1,5.1000000000000005,1.0
1,0,NaN,NaN
1,1,5.1000000000000005,1.0
4,2,6.1000000000000005,2.0
1,0,NaN,NaN
1,0,NaN,NaN
1,1,7.1000000000000005,1.0
1,0,NaN,NaN
1,0,NaN,NaN
1,0,NaN,NaN
24,11,10.100000000000001,5.0
18,17,7.1000000000000005,9.0
3,3,9.1,1.0
3,1,15.100000000000001,3.0
1,1,5.1000000000000005,1.0
1,1,8.1,1.0
1,0,NaN,NaN
1,1,8.1,1.0
1,1,6.1000000000000005,1.0
1,1,7.1000000000000005,1.0
1,0,NaN,NaN
1,1,7.1000000000000005,1.0
1,0,NaN,NaN
1,0,NaN,NaN
1,1,7.1000000000000005,1.0
1,1,13.100000000000001,1.0
1,1,7.1000000000000005,1.0
1,0,NaN,NaN
2,0,NaN,NaN
1,1,13.100000000000001,1.0
1,0,NaN,NaN
1,0,NaN,NaN
8,5,11.100000000000001,8.0
1,1,9.1,1.0
9,6,16.1,5.0
2,1,4.1000000000000005,1.0
1,1,7.1000000000000005,1.0
1,1,7.1000000000000005,1.0
3,3,10.100000000000001,3.0
1,0,NaN,NaN
1,0,NaN,NaN
1,1,14.100000000000001,1.0
1,1,4.1000000000000005,1.0
1,1,5.1000000000000005,1.0
1,0,NaN,NaN
1,0,NaN,NaN
1,1,4.1000000000000005,1.0
4,2,12.100000000000001,4.0
1,1,6.1000000000000005,1.0
1,0,NaN,NaN
1,0,NaN,NaN
2,1,12.100000000000001,2.0
3,1,28.1,3.0
1,1,5.1000000000000005,1.0
1,0,NaN,NaN
1,0,NaN,NaN
1,0,NaN,NaN
1,0,NaN,NaN
1,0,NaN,NaN
1,0,NaN,NaN
2,2,8.1,2.0
1,1,4.1000000000000005,1.0
2,2,9.1,2.0
1,1,3.1,1.0
5,3,3.1,2.0
1,0,NaN,NaN
1,1,4.1000000000000005,1.0
1,0,NaN,NaN
1,0,NaN,NaN
1,1,10.100000000000001,1.0
2,1,9.1,2.0
1,1,6.1000000000000005,1.0
2,2,7.1000000000000005,2.0
1,1,14.100000000000001,1.0
1,1,4.1000000000000005,1.0
1,1,7.1000000000000005,1.0
1,0,NaN,NaN
1,1,7.1000000000000005,1.0
1,1,7.1000000000000005,1.0
1,1,8.1,1.0
1,0,NaN,NaN
1,1,6.1000000000000005,1.0
1,0,NaN,NaN
1,0,NaN,NaN
1,0,NaN,NaN
1,1,8.1,1.0
6,4,21.1,4.0
10,5,9.1,3.0
1,1,8.1,1.0
15,12,7.1000000000000005,6.0
1,0,NaN,NaN
1,1,11.100000000000001,1.0
1,0,NaN,NaN
1,1,6.1000000000000005,1.0
7,5,4.1000000000000005,4.0
1,0,NaN,NaN
1,0,NaN,NaN
5,4,5.1000000000000005,4.0
1,1,7.1000000000000005,1.0
2,1,4.1000000000000005,1.0
1,1,6.1000000000000005,1.0
18,14,3.1,3.0
1,0,NaN,NaN
1,0,NaN,NaN
1,0,NaN,NaN
1,1,4.1000000000000005,1.0
1,1,11.100000000000001,1.0
3,2,9.1,2.0
2,1,15.100000000000001,2.0
1,1,6.1000000000000005,1.0
1,0,NaN,NaN
2,1,10.100000000000001,1.0
18,13,5.1000000000000005,2.0
1,1,5.1000000000000005,1.0
18,7,5.1000000000000005,6.0
1,1,3.1,1.0
1,1,14.100000000000001,1.0
1,0,NaN,NaN
1,0,NaN,NaN
1,1,9.1,1.0
1,1,6.1000000000000005,1.0
6,1,22.1,6.0
1,0,NaN,NaN
1,1,5.1000000000000005,1.0
1,1,5.1000000000000005,1.0
1,1,4.1000000000000005,1.0
4,3,15.100000000000001,4.0
1,0,NaN,NaN
1,1,9.1,1.0
4,4,8.1,3.0
1,0,NaN,NaN
1,0,NaN,NaN
1,1,3.1,1.0
1,0,NaN,NaN
1,1,13.100000000000001,1.0
1,0,NaN,NaN
13,9,7.1000000000000005,4.0
3,1,8.1,3.0
1,1,4.1000000000000005,1.0
1,1,5.1000000000000005,1.0
1,1,5.1000000000000005,1.0
1,0,NaN,NaN
1,0,NaN,NaN
2,1,5.1000000000000005,2.0
1,1,13.100000000000001,1.0
1,1,8.1,1.0
1,1,8.1,1.0
1,0,NaN,NaN
2,1,20.1,2.0
8,7,10.100000000000001,5.0
3,0,NaN,NaN
2,1,13.100000000000001,2.0
1,1,6.1000000000000005,1.0
1,1,7.1000000000000005,1.0
1,1,7.1000000000000005,1.0
41,35,16.1,5.0
1,1,7.1000000000000005,1.0
1,0,NaN,NaN
1,0,NaN,NaN
2,2,7.1000000000000005,2.0
1,1,6.1000000000000005,1.0
11,7,7.1000000000000005,7.0
1,1,5.1000000000000005,1.0
1,1,9.1,1.0
1,1,7.1000000000000005,1.0
1,1,19.1,1.0
6,4,4.1000000000000005,3.0
1,0,NaN,NaN
1,0,NaN,NaN
1,0,NaN,NaN
9,4,18.1,7.0
1,1,9.1,1.0
1,0,NaN,NaN
1,0,NaN,NaN
1,1,7.1000000000000005,1.0
1,0,NaN,NaN
4,1,15.100000000000001,4.0
1,0,NaN,NaN
2,0,NaN,NaN
1,1,8.1,1.0
2,0,NaN,NaN
1,1,8.1,1.0
1,1,5.1000000000000005,1.0
1,0,NaN,NaN
1,1,8.1,1.0
1,1,6.1000000000000005,1.0
1,1,12.100000000000001,1.0
1,1,9.1,1.0
7,6,5.1000000000000005,5.0
2,1,5.1000000000000005,1.0
1,1,4.1000000000000005,1.0
1,0,NaN,NaN
1,1,11.100000000000001,1.0
1,0,NaN,NaN
13,11,7.1000000000000005,8.0
4,4,6.1000000000000005,4.0
1,1,6.1000000000000005,1.0
6,3,5.1000000000000005,3.0
1,0,NaN,NaN
1,0,NaN,NaN
2,1,3.1,2.0
1,1,6.1000000000000005,1.0
1,1,14.100000000000001,1.0
1,0,NaN,NaN
1,0,NaN,NaN
1,1,7.1000000000000005,1.0
1,0,NaN,NaN
2,1,8.1,2.0
1,1,7.1000000000000005,1.0
1,0,NaN,NaN
1,1,7.1000000000000005,1.0
1,0,NaN,NaN
1,0,NaN,NaN
12,8,13.100000000000001,7.0
1,0,NaN,NaN
1,0,NaN,NaN
1,1,4.1000000000000005,1.0
2,1,16.1,2.0
1,1,14.100000000000001,1.0
1,1,7.1000000000000005,1.0
1,1,4.1000000000000005,1.0
3,3,7.1000000000000005,3.0
14,11,5.1000000000000005,7.0
1,1,12.100000000000001,1.0
1,0,NaN,NaN
1,0,NaN,NaN
1,0,NaN,NaN
2,1,36.1,2.0
1,0,NaN,NaN
1,1,7.1000000000000005,1.0
1,1,5.1000000000000005,1.0
1,0,NaN,NaN
1,1,4.1000000000000005,1.0
1,1,14.100000000000001,1.0
10,7,6.1000000000000005,1.0
1,0,NaN,NaN
1,1,10.100000000000001,1.0
1,1,7.1000000000000005,1.0
1,0,NaN,NaN
1,0,NaN,NaN
1,0,NaN,NaN
1,0,NaN,NaN
1,1,4.1000000000000005,1.0
1,1,9.1,1.0
6,3,9.1,5.0
19,13,12.100000000000001,9.0
1,0,NaN,NaN
1,0,NaN,NaN
1,0,NaN,NaN
1,0,NaN,NaN
10,7,11.100000000000001,7.0
2,2,15.100000000000001,2.0
1,1,9.1,1.0
4,1,12.100000000000001,4.0
1,1,4.1000000000000005,1.0
3,0,NaN,NaN
1,0,NaN,NaN
1,0,NaN,NaN
1,0,NaN,NaN
25,19,8.1,11.0
5,0,NaN,NaN
1,1,10.100000000000001,1.0
1,0,NaN,NaN
1,0,NaN,NaN
3,2,10.100000000000001,2.0
1,1,4.1000000000000005,1.0
1,0,NaN,NaN
5,4,7.1000000000000005,5.0
6,4,10.100000000000001,5.0
2,0,NaN,NaN
28,27,5.1000000000000005,4.0
1,0,NaN,NaN
7,3,5.1000000000000005,3.0
1,1,6.1000000000000005,1.0
37,35,8.1,6.0
1,1,4.1000000000000005,1.0
6,5,9.1,2.0
1,1,5.1000000000000005,1.0
12,7,8.1,5.0
1,1,5.1000000000000005,1.0
1,0,NaN,NaN
1,1,7.1000000000000005,1.0
2,1,8.1,2.0
1,0,NaN,NaN
1,0,NaN,NaN
1,0,NaN,NaN
1,1,9.1,1.0
1,0,NaN,NaN
1,1,12.100000000000001,1.0
1,1,14.100000000000001,1.0
1,1,6.1000000000000005,1.0
2,1,17.1,2.0
2,2,11.100000000000001,1.0
2,2,5.1000000000000005,1.0
1,1,6.1000000000000005,1.0
1,1,8.1,1.0
1,1,3.1,1.0
1,0,NaN,NaN
1,0,NaN,NaN
1,0,NaN,NaN
1,1,4.1000000000000005,1.0
1,0,NaN,NaN
2,1,14.100000000000001,2.0
1,1,7.1000000000000005,1.0
4,2,13.100000000000001,4.0
1,0,NaN,NaN
1,0,NaN,NaN
1,1,6.1000000000000005,1.0
1,1,6.1000000000000005,1.0
1,0,NaN,NaN
1,0,NaN,NaN
1,1,8.1,1.0
1,1,4.1000000000000005,1.0
1,1,8.1,1.0
3,2,13.100000000000001,2.0
1,1,7.1000000000000005,1.0
1,1,18.1,1.0
1,0,NaN,NaN
1,0,NaN,NaN
1,0,NaN,NaN
1,1,7.1000000000000005,1.0
39,30,7.1000000000000005,7.0
4,3,9.1,4.0
1,1,8.1,1.0
6,1,12.100000000000001,6.0
17,13,7.1000000000000005,7.0
1,1,5.1000000000000005,1.0
1,1,5.1000000000000005,1.0
1,1,8.1,1.0
1,1,13.100000000000001,1.0
1,1,5.1000000000000005,1.0
1,0,NaN,NaN
33,23,13.100000000000001,27.0
2,1,7.1000000000000005,2.0
1,1,13.100000000000001,1.0
1,0,NaN,NaN
1,0,NaN,NaN
2,2,6.1000000000000005,1.0
1,1,10.100000000000001,1.0
1,1,5.1000000000000005,1.0
1,0,NaN,NaN
1,0,NaN,NaN
1,1,13.100000000000001,1.0
1,1,6.1000000000000005,1.0
1,1,7.1000000000000005,1.0
1,0,NaN,NaN
1,1,7.1000000000000005,1.0
3,1,6.1000000000000005,3.0
21,12,9.1,11.0
1,0,NaN,NaN
1,1,3.1,1.0
1,0,NaN,NaN
1,1,8.1,1.0
1,0,NaN,NaN
1,0,NaN,NaN
1,1,13.100000000000001,1.0
1,1,6.1000000000000005,1.0
1,1,14.100000000000001,1.0
2,1,14.100000000000001,2.0
1,0,NaN,NaN
1,1,10.100000000000001,1.0
1,1,9.1,1.0
1,0,NaN,NaN
6,4,11.100000000000001,5.0
8,8,7.1000000000000005,6.0
1,0,NaN,NaN
1,1,4.1000000000000005,1.0
1,1,5.1000000000000005,1.0
4,2,20.1,4.0
1,0,NaN,NaN
11,7,9.1,7.0
1,0,NaN,NaN
1,1,11.100000000000001,1.0
1,1,5.1000000000000005,1.0
35,32,7.1000000000000005,12.0
1,1,8.1,1.0
1,0,NaN,NaN
1,0,NaN,NaN
1,0,NaN,NaN
1,1,6.1000000000000005,1.0
1,1,7.1000000000000005,1.0
1,0,NaN,NaN
1,0,NaN,NaN
1,1,10.100000000000001,1.0
3,0,NaN,NaN
1,0,NaN,NaN
1,1,6.1000000000000005,1.0
1,1,4.1000000000000005,1.0
1,0,NaN,NaN
1,0,NaN,NaN
2,2,5.1000000000000005,2.0
1,0,NaN,NaN
1,0,NaN,NaN
17,15,7.1000000000000005,11.0
1,0,NaN,NaN
1,0,NaN,NaN
1,1,10.100000000000001,1.0
1,1,11.100000000000001,1.0
1,0,NaN,NaN
1,1,6.1000000000000005,1.0
1,1,4.1000000000000005,1.0
2,1,11.100000000000001,2.0
1,0,NaN,NaN
1,1,21.1,1.0
1,0,NaN,NaN
1,0,NaN,NaN
1,1,13.100000000000001,1.0
1,1,2.1,1.0
1,1,7.1000000000000005,1.0
1,1,5.1000000000000005,1.0
1,0,NaN,NaN
1,1,4.1000000000000005,1.0
1,1,7.1000000000000005,1.0
1,1,8.1,1.0
1,0,NaN,NaN
1,1,9.1,1.0
1,1,7.1000000000000005,1.0
1,0,NaN,NaN
2,1,7.1000000000000005,1.0
1,1,9.1,1.0
1,0,NaN,NaN
1,0,NaN,NaN
1,1,8.1,1.0
1,1,9.1,1.0
10,10,7.1000000000000005,6.0
1,1,8.1,1.0
1,1,6.1000000000000005,1.0
1,1,5.1000000000000005,1.0
1,1,6.1000000000000005,1.0
2,2,7.1000000000000005,2.0
1,0,NaN,NaN
1,1,7.1000000000000005,1.0
1,0,NaN,NaN
11,11,6.1000000000000005,9.0
1,0,NaN,NaN
1,1,4.1000000000000005,1.0
1,1,7.1000000000000005,1.0
1,0,NaN,NaN
1,1,14.100000000000001,1.0
1,1,5.1000000000000005,1.0
1,0,NaN,NaN
1,0,NaN,NaN
1,0,NaN,NaN
1,1,7.1000000000000005,1.0
7,3,6.1000000000000005,2.0
1,1,8.1,1.0
12,7,5.1000000000000005,4.0
1,0,NaN,NaN
7,3,11.100000000000001,7.0
1,1,8.1,1.0
1,0,NaN,NaN
1,1,7.1000000000000005,1.0
18,16,10.100000000000001,4.0
1,0,NaN,NaN
1,1,7.1000000000000005,1.0
1,1,4.1000000000000005,1.0
1,1,5.1000000000000005,1.0
1,1,4.1000000000000005,1.0
2,2,6.1000000000000005,2.0
1,1,4.1000000000000005,1.0
1,0,NaN,NaN
17,6,20.1,9.0
1,1,6.1000000000000005,1.0
4,4,5.1000000000000005,4.0
1,1,3.1,1.0
1,1,8.1,1.0
3,2,10.100000000000001,2.0
1,1,6.1000000000000005,1.0
1,1,8.1,1.0
1,1,13.100000000000001,1.0
3,0,NaN,NaN
1,1,8.1,1.0
1,1,4.1000000000000005,1.0
7,3,11.100000000000001,7.0
1,1,6.1000000000000005,1.0
3,2,15.100000000000001,3.0
1,1,13.100000000000001,1.0
1,0,NaN,NaN
5,4,10.100000000000001,2.0
1,0,NaN,NaN
1,0,NaN,NaN
1,1,8.1,1.0
1,1,7.1000000000000005,1.0
1,1,5.1000000000000005,1.0
1,0,NaN,NaN
1,0,NaN,NaN
6,1,13.100000000000001,6.0
1,0,NaN,NaN
1,0,NaN,NaN
1,1,8.1,1.0
1,1,5.1000000000000005,1.0
1,1,7.1000000000000005,1.0
1,1,5.1000000000000005,1.0
1,0,NaN,NaN
2,1,8.1,2.0
1,1,6.1000000000000005,1.0
1,1,6.1000000000000005,1.0
4,1,18.1,4.0
1,0,NaN,NaN
1,1,13.100000000000001,1.0
1,0,NaN,NaN
7,5,8.1,7.0
4,4,13.100000000000001,4.0
1,1,7.1000000000000005,1.0
1,1,8.1,1.0
1,1,23.1,1.0
1,0,NaN,NaN
1,0,NaN,NaN
1,0,NaN,NaN
1,0,NaN,NaN
1,0,NaN,NaN
1,1,7.1000000000000005,1.0
1,1,7.1000000000000005,1.0
1,0,NaN,NaN
1,1,11.100000000000001,1.0
1,1,7.1000000000000005,1.0
1,1,9.1,1.0
1,0,NaN,NaN
3,3,4.1000000000000005,3.0
1,1,7.1000000000000005,1.0
1,1,3.1,1.0
1,1,7.1000000000000005,1.0
1,1,4.1000000000000005,1.0
1,1,3.1,1.0
1,1,8.1,1.0
1,1,11.100000000000001,1.0
1,1,7.1000000000000005,1.0
4,4,7.1000000000000005,4.0
1,1,6.1000000000000005,1.0
2,2,13.100000000000001,2.0
1,1,3.1,1.0
1,1,7.1000000000000005,1.0
1,1,6.1000000000000005,1.0
1,1,6.1000000000000005,1.0
1,1,11.100000000000001,1.0
1,1,7.1000000000000005,1.0
1,1,7.1000000000000005,1.0
2,1,10.100000000000001,2.0
3,3,4.1000000000000005,2.0
1,0,NaN,NaN
4,2,8.1,3.0
1,1,11.100000000000001,1.0
8,3,8.1,3.0
1,0,NaN,NaN
1,1,13.100000000000001,1.0
1,1,4.1000000000000005,1.0
1,0,NaN,NaN
4,3,5.1000000000000005,2.0
1,0,NaN,NaN
1,1,4.1000000000000005,1.0
2,1,14.100000000000001,2.0
5,3,15.100000000000001,4.0
1,0,NaN,NaN
1,1,6.1000000000000005,1.0
1,0,NaN,NaN
1,1,6.1000000000000005,1.0
1,1,9.1,1.0
6,4,8.1,5.0
1,1,7.1000000000000005,1.0
12,10,7.1000000000000005,6.0
8,4,8.1,4.0
1,0,NaN,NaN
1,1,9.1,1.0
1,1,4.1000000000000005,1.0
1,0,NaN,NaN
25,9,22.1,10.0
1,1,7.1000000000000005,1.0
1,0,NaN,NaN
1,1,7.1000000000000005,1.0
1,1,4.1000000000000005,1.0
1,1,3.1,1.0
2,1,12.100000000000001,2.0
1,1,14.100000000000001,1.0
2,1,3.1,2.0
1,0,NaN,NaN
1,0,NaN,NaN
1,0,NaN,NaN
2,1,14.100000000000001,2.0
1,1,7.1000000000000005,1.0
1,1,6.1000000000000005,1.0
1,0,NaN,NaN
1,0,NaN,NaN
1,0,NaN,NaN
1,1,9.1,1.0
40,25,6.1000000000000005,6.0
1,1,5.1000000000000005,1.0
1,1,6.1000000000000005,1.0
7,4,11.100000000000001,6.0
1,1,6.1000000000000005,1.0
1,1,8.1,1.0
9,9,7.1000000000000005,3.0
1,1,9.1,1.0
2,2,5.1000000000000005,1.0
1,1,12.100000000000001,1.0
1,1,5.1000000000000005,1.0
2,1,12.100000000000001,2.0
2,1,8.1,2.0
1,1,3.1,1.0
16,9,9.1,4.0
1,0,NaN,NaN
1,0,NaN,NaN
1,0,NaN,NaN
1,0,NaN,NaN
1,1,7.1000000000000005,1.0
1,1,8.1,1.0
1,1,8.1,1.0
1,0,NaN,NaN
1,1,7.1000000000000005,1.0
2,2,10.100000000000001,2.0
7,5,10.100000000000001,5.0
2,1,14.100000000000001,2.0
1,0,NaN,NaN
1,0,NaN,NaN
1,0,NaN,NaN
1,1,4.1000000000000005,1.0
1,0,NaN,NaN
1,0,NaN,NaN
1,1,8.1,1.0
8,8,4.1000000000000005,5.0
1,1,9.1,1.0
1,1,6.1000000000000005,1.0
1,0,NaN,NaN
1,0,NaN,NaN
1,1,7.1000000000000005,1.0
1,1,7.1000000000000005,1.0
1,1,7.1000000000000005,1.0
1,1,5.1000000000000005,1.0
1,0,NaN,NaN
1,1,6.1000000000000005,1.0
7,5,19.1,4.0
1,1,11.100000000000001,1.0
1,1,7.1000000000000005,1.0
1,0,NaN,NaN
1,1,5.1000000000000005,1.0
11,8,6.1000000000000005,3.0
1,1,3.1,1.0
2,0,NaN,NaN
1,0,NaN,NaN
1,1,9.1,1.0
1,0,NaN,NaN
1,1,7.1000000000000005,1.0
31,18,11.100000000000001,11.0
1,1,8.1,1.0
1,1,8.1,1.0
1,0,NaN,NaN
1,0,NaN,NaN
1,0,NaN,NaN
1,0,NaN,NaN
1,1,5.1000000000000005,1.0
13,7,11.100000000000001,5.0
1,0,NaN,NaN
1,1,10.100000000000001,1.0
1,0,NaN,NaN
1,1,7.1000000000000005,1.0
2,2,14.100000000000001,2.0
1,0,NaN,NaN
38,33,4.1000000000000005,3.0
2,1,15.100000000000001,2.0
5,2,10.100000000000001,5.0
15,15,9.1,7.0
1,1,4.1000000000000005,1.0
1,1,13.100000000000001,1.0
1,0,NaN,NaN
17,12,8.1,13.0
1,1,4.1000000000000005,1.0
1,0,NaN,NaN
1,1,4.1000000000000005,1.0
1,1,10.100000000000001,1.0
1,1,16.1,1.0
1,1,8.1,1.0
1,0,NaN,NaN
1,0,NaN,NaN
1,0,NaN,NaN
1,1,6.1000000000000005,1.0
1,1,12.100000000000001,1.0
1,1,4.1000000000000005,1.0
1,1,9.1,1.0
1,1,6.1000000000000005,1.0
1,0,NaN,NaN
2,1,14.100000000000001,2.0
2,1,5.1000000000000005,2.0
1,1,14.100000000000001,1.0
1,0,NaN,NaN
1,1,14.100000000000001,1.0
1,1,7.1000000000000005,1.0
1,1,5.1000000000000005,1.0
1,0,NaN,NaN
3,2,6.1000000000000005,1.0
1,0,NaN,NaN
1,1,3.1,1.0
1,0,NaN,NaN
2,1,5.1000000000000005,1.0
1,1,6.1000000000000005,1.0
1,1,5.1000000000000005,1.0
1,1,10.100000000000001,1.0
1,0,NaN,NaN
1,0,NaN,NaN
3,0,NaN,NaN
1,0,NaN,NaN
1,1,4.1000000000000005,1.0
1,1,12.100000000000001,1.0
1,1,5.1000000000000005,1.0
1,0,NaN,NaN
1,0,NaN,NaN
2,1,3.1,2.0
1,1,14.100000000000001,1.0
1,0,NaN,NaN
1,0,NaN,NaN
5,3,14.100000000000001,4.0
1,1,4.1000000000000005,1.0
1,0,NaN,NaN
1,0,NaN,NaN
1,0,NaN,NaN
14,8,4.1000000000000005,2.0
1,1,7.1000000000000005,1.0
1,0,NaN,NaN
1,1,13.100000000000001,1.0
1,1,3.1,1.0
2,1,12.100000000000001,2.0
1,1,6.1000000000000005,1.0
2,2,7.1000000000000005,1.0
31,29,9.1,19.0
8,4,3.1,3.0
1,0,NaN,NaN
1,1,8.1,1.0
1,0,NaN,NaN
1,0,NaN,NaN
4,4,6.1000000000000005,3.0
1,1,3.1,1.0
11,11,5.1000000000000005,3.0
1,1,5.1000000000000005,1.0
49,42,10.100000000000001,5.0
23,20,14.100000000000001,3.0
2,2,3.1,2.0
1,0,NaN,NaN
1,0,NaN,NaN
1,1,8.1,1.0
18,15,5.1000000000000005,4.0
1,0,NaN,NaN
1,1,8.1,1.0
16,11,9.1,11.0
1,1,5.1000000000000005,1.0
1,1,6.1000000000000005,1.0
3,0,NaN,NaN
1,1,6.1000000000000005,1.0
6,2,15.100000000000001,6.0
1,0,NaN,NaN
1,1,7.1000000000000005,1.0
2,1,9.1,2.0
2,2,6.1000000000000005,2.0
1,1,7.1000000000000005,1.0
3,1,13.100000000000001,3.0
1,0,NaN,NaN
1,1,8.1,1.0
1,1,7.1000000000000005,1.0
5,2,4.1000000000000005,2.0
1,1,3.1,1.0
1,1,10.100000000000001,1.0
1,0,NaN,NaN
6,3,9.1,5.0
1,0,NaN,NaN
1,0,NaN,NaN
1,0,NaN,NaN
3,1,14.100000000000001,3.0
1,1,8.1,1.0
1,0,NaN,NaN
2,0,NaN,NaN
1,1,5.1000000000000005,1.0
1,1,4.1000000000000005,1.0
1,0,NaN,NaN
1,1,5.1000000000000005,1.0
1,0,NaN,NaN
1,0,NaN,NaN
1,0,NaN,NaN
1,0,NaN,NaN
1,1,10.100000000000001,1.0
6,3,7.1000000000000005,6.0
1,1,9.1,1.0
1,0,NaN,NaN
2,0,NaN,NaN
1,1,7.1000000000000005,1.0
1,1,5.1000000000000005,1.0
1,1,8.1,1.0
1,0,NaN,NaN
1,0,NaN,NaN
1,1,18.1,1.0
1,1,4.1000000000000005,1.0
1,1,4.1000000000000005,1.0
1,1,6.1000000000000005,1.0
1,1,8.1,1.0
1,1,11.100000000000001,1.0
1,0,NaN,NaN
1,0,NaN,NaN
1,0,NaN,NaN
28,27,10.100000000000001,11.0
1,1,10.100000000000001,1.0
1,0,NaN,NaN
1,1,7.1000000000000005,1.0
11,6,7.1000000000000005,2.0
1,1,3.1,1.0
1,1,8.1,1.0
1,0,NaN,NaN
1,0,NaN,NaN
1,0,NaN,NaN
1,0,NaN,NaN
1,1,13.100000000000001,1.0
10,6,5.1000000000000005,1.0
1,0,NaN,NaN
1,0,NaN,NaN
1,1,6.1000000000000005,1.0
1,0,NaN,NaN
1,1,8.1,1.0
1,1,11.100000000000001,1.0
1,1,7.1000000000000005,1.0
1,0,NaN,NaN
1,0,NaN,NaN
1,1,5.1000000000000005,1.0
1,0,NaN,NaN
1,0,NaN,NaN
1,1,9.1,1.0
1,0,NaN,NaN
1,0,NaN,NaN
1,1,4.1000000000000005,1.0
1,0,NaN,NaN
1,1,5.1000000000000005,1.0
1,1,11.100000000000001,1.0
1,1,7.1000000000000005,1.0
1,0,NaN,NaN
1,0,NaN,NaN
1,1,4.1000000000000005,1.0
1,0,NaN,NaN
3,1,7.1000000000000005,3.0
1,1,5.1000000000000005,1.0
1,1,9.1,1.0
4,2,5.1000000000000005,2.0
1,1,3.1,1.0
2,0,NaN,NaN
1,1,2.1,1.0
1,1,5.1000000000000005,1.0
1,1,3.1,1.0
1,1,4.1000000000000005,1.0
1,1,8.1,1.0
3,2,7.1000000000000005,2.0
1,0,NaN,NaN
1,0,NaN,NaN
13,7,6.1000000000000005,8.0
1,1,13.100000000000001,1.0
1,0,NaN,NaN
1,1,7.1000000000000005,1.0
1,0,NaN,NaN
1,0,NaN,NaN
7,7,6.1000000000000005,5.0
21,13,9.1,17.0
5,4,7.1000000000000005,3.0
4,1,9.1,3.0
1,1,6.1000000000000005,1.0
1,0,NaN,NaN
4,3,7.1000000000000005,3.0
63,47,7.1000000000000005,5.0
1,1,12.100000000000001,1.0
2,2,3.1,1.0
1,0,NaN,NaN
1,1,3.1,1.0
1,0,NaN,NaN
15,14,10.100000000000001,10.0
1,1,6.1000000000000005,1.0
1,0,NaN,NaN
1,1,9.1,1.0
12,8,15.100000000000001,12.0
1,0,NaN,NaN
24,22,12.100000000000001,5.0
1,0,NaN,NaN
1,1,6.1000000000000005,1.0
2,1,17.1,2.0
1,0,NaN,NaN
1,1,5.1000000000000005,1.0
1,1,4.1000000000000005,1.0
4,2,5.1000000000000005,2.0
1,0,NaN,NaN
9,4,13.100000000000001,8.0
1,0,NaN,NaN
1,1,4.1000000000000005,1.0
1,0,NaN,NaN
1,1,10.100000000000001,1.0
1,1,3.1,1.0
4,1,10.100000000000001,4.0
1,1,9.1,1.0
1,1,13.100000000000001,1.0
1,0,NaN,NaN
1,1,3.1,1.0
1,0,NaN,NaN
1,1,4.1000000000000005,1.0
1,0,NaN,NaN
1,1,7.1000000000000005,1.0
1,0,NaN,NaN
3,1,15.100000000000001,3.0
1,0,NaN,NaN
1,0,NaN,NaN
1,1,10.100000000000001,1.0
1,1,8.1,1.0
1,1,8.1,1.0
1,0,NaN,NaN
1,1,3.1,1.0
1,0,NaN,NaN
1,1,4.1000000000000005,1.0
1,0,NaN,NaN
1,1,7.1000000000000005,1.0
1,1,8.1,1.0
1,0,NaN,NaN
1,0,NaN,NaN
4,2,14.100000000000001,4.0
1,0,NaN,NaN
1,0,NaN,NaN
1,0,NaN,NaN
11,7,8.1,8.0
2,1,21.1,2.0
2,2,4.1000000000000005,2.0
1,1,8.1,1.0
2,1,8.1,1.0
1,1,10.100000000000001,1.0
15,14,6.1000000000000005,9.0
1,1,21.1,1.0
4,3,8.1,2.0
1,0,NaN,NaN
1,1,5.1000000000000005,1.0
1,1,8.1,1.0
2,1,9.1,2.0
1,1,3.1,1.0
1,1,5.1000000000000005,1.0
1,1,10.100000000000001,1.0
1,1,3.1,1.0
1,1,7.1000000000000005,1.0
1,1,9.1,1.0
1,0,NaN,NaN
1,0,NaN,NaN
1,0,NaN,NaN
1,0,NaN,NaN
1,0,NaN,NaN
1,1,5.1000000000000005,1.0
2,1,6.1000000000000005,2.0
28,20,8.1,8.0
4,2,13.100000000000001,4.0
5,1,29.1,5.0
1,1,4.1000000000000005,1.0
1,1,6.1000000000000005,1.0
32,32,5.1000000000000005,2.0
1,1,7.1000000000000005,1.0
1,0,NaN,NaN
1,0,NaN,NaN
2,1,8.1,2.0
2,1,24.1,2.0
1,1,7.1000000000000005,1.0
2,1,10.100000000000001,2.0
1,1,13.100000000000001,1.0
1,1,4.1000000000000005,1.0
3,1,13.100000000000001,3.0
1,1,3.1,1.0
1,1,8.1,1.0
1,0,NaN,NaN
1,1,10.100000000000001,1.0
1,1,5.1000000000000005,1.0
1,1,8.1,1.0
1,1,5.1000000000000005,1.0
1,1,6.1000000000000005,1.0
1,1,5.1000000000000005,1.0
1,1,4.1000000000000005,1.0
1,1,4.1000000000000005,1.0
1,1,3.1,1.0
1,0,NaN,NaN
1,0,NaN,NaN
10,10,4.1000000000000005,5.0
1,0,NaN,NaN
1,1,6.1000000000000005,1.0
1,1,8.1,1.0
13,7,12.100000000000001,8.0
1,0,NaN,NaN
1,0,NaN,NaN
30,28,11.100000000000001,4.0
1,0,NaN,NaN
6,1,17.1,6.0
1,0,NaN,NaN
1,1,8.1,1.0
1,1,5.1000000000000005,1.0
1,1,6.1000000000000005,1.0
2,1,13.100000000000001,2.0
1,1,8.1,1.0
1,0,NaN,NaN
1,1,10.100000000000001,1.0
1,0,NaN,NaN
1,1,7.1000000000000005,1.0
1,0,NaN,NaN
1,0,NaN,NaN
1,1,3.1,1.0
1,1,7.1000000000000005,1.0
1,0,NaN,NaN
1,1,13.100000000000001,1.0
1,0,NaN,NaN
1,0,NaN,NaN
1,0,NaN,NaN
1,0,NaN,NaN
1,0,NaN,NaN
1,1,7.1000000000000005,1.0
1,1,3.1,1.0
1,1,13.100000000000001,1.0
1,0,NaN,NaN
1,1,9.1,1.0
1,1,9.1,1.0
18,17,12.100000000000001,10.0
1,1,7.1000000000000005,1.0
12,9,12.100000000000001,12.0
7,1,2.1,2.0
3,1,22.1,3.0
1,1,4.1000000000000005,1.0
1,1,5.1000000000000005,1.0
1,1,8.1,1.0
1,1,8.1,1.0
13,9,5.1000000000000005,3.0
1,1,8.1,1.0
1,1,8.1,1.0
7,6,6.1000000000000005,3.0
1,0,NaN,NaN
1,1,8.1,1.0
1,0,NaN,NaN
1,1,13.100000000000001,1.0
2,0,NaN,NaN
2,1,12.100000000000001,2.0
1,1,8.1,1.0
1,1,4.1000000000000005,1.0
1,0,NaN,NaN
3,1,22.1,3.0
1,1,14.100000000000001,1.0
1,0,NaN,NaN
6,2,4.1000000000000005,3.0
1,1,6.1000000000000005,1.0
2,1,11.100000000000001,2.0
1,1,14.100000000000001,1.0
4,2,15.100000000000001,4.0
1,0,NaN,NaN
1,0,NaN,NaN
2,1,10.100000000000001,2.0
1,1,6.1000000000000005,1.0
1,1,5.1000000000000005,1.0
1,1,4.1000000000000005,1.0
1,1,5.1000000000000005,1.0
1,0,NaN,NaN
1,0,NaN,NaN
1,1,8.1,1.0
1,1,7.1000000000000005,1.0
32,25,20.1,8.0
1,1,6.1000000000000005,1.0
1,0,NaN,NaN
1,0,NaN,NaN
1,1,8.1,1.0
1,0,NaN,NaN
1,1,7.1000000000000005,1.0
1,1,14.100000000000001,1.0
1,1,6.1000000000000005,1.0
1,1,3.1,1.0
5,1,10.100000000000001,3.0
1,1,5.1000000000000005,1.0
4,1,7.1000000000000005,4.0
1,0,NaN,NaN
1,0,NaN,NaN
1,1,12.100000000000001,1.0
1,0,NaN,NaN
1,1,10.100000000000001,1.0
1,1,13.100000000000001,1.0
1,0,NaN,NaN
1,0,NaN,NaN
1,0,NaN,NaN
1,0,NaN,NaN
1,0,NaN,NaN
1,1,9.1,1.0
1,1,5.1000000000000005,1.0
1,0,NaN,NaN
35,29,11.100000000000001,16.0
1,1,5.1000000000000005,1.0
1,0,NaN,NaN
1,1,5.1000000000000005,1.0
1,0,NaN,NaN
1,0,NaN,NaN
1,0,NaN,NaN
1,0,NaN,NaN
1,1,9.1,1.0
1,0,NaN,NaN
1,1,6.1000000000000005,1.0
1,1,6.1000000000000005,1.0
1,1,8.1,1.0
1,0,NaN,NaN
1,0,NaN,NaN
1,0,NaN,NaN
1,1,4.1000000000000005,1.0
2,1,10.100000000000001,2.0
1,0,NaN,NaN
1,0,NaN,NaN
1,1,7.1000000000000005,1.0
1,1,11.100000000000001,1.0
1,1,4.1000000000000005,1.0
1,1,3.1,1.0
3,3,13.100000000000001,3.0
1,0,NaN,NaN
14,2,25.1,12.0
1,1,7.1000000000000005,1.0
1,1,6.1000000000000005,1.0
2,1,15.100000000000001,2.0
1,1,8.1,1.0
1,0,NaN,NaN
1,1,12.100000000000001,1.0
1,1,6.1000000000000005,1.0
3,2,7.1000000000000005,2.0
1,0,NaN,NaN
1,1,6.1000000000000005,1.0
1,0,NaN,NaN
1,0,NaN,NaN
1,0,NaN,NaN
1,0,NaN,NaN
6,5,14.100000000000001,3.0
1,1,6.1000000000000005,1.0
1,1,8.1,1.0
1,0,NaN,NaN
8,5,14.100000000000001,4.0
1,0,NaN,NaN
1,1,11.100000000000001,1.0
1,0,NaN,NaN
1,0,NaN,NaN
1,0,NaN,NaN
22,20,7.1000000000000005,11.0
1,0,NaN,NaN
1,1,4.1000000000000005,1.0
2,0,NaN,NaN
1,1,4.1000000000000005,1.0
11,10,6.1000000000000005,6.0
1,0,NaN,NaN
1,0,NaN,NaN
1,1,8.1,1.0
1,0,NaN,NaN
1,1,12.100000000000001,1.0
40,34,14.100000000000001,11.0
1,1,2.1,1.0
1,1,5.1000000000000005,1.0
1,0,NaN,NaN
3,1,8.1,3.0
1,0,NaN,NaN
1,1,7.1000000000000005,1.0
1,0,NaN,NaN
5,3,8.1,4.0
1,0,NaN,NaN
1,0,NaN,NaN
1,0,NaN,NaN
5,2,4.1000000000000005,1.0
1,1,6.1000000000000005,1.0
9,1,25.1,9.0
11,4,9.1,4.0
5,1,15.100000000000001,4.0
13,13,6.1000000000000005,8.0
1,0,NaN,NaN
1,1,14.100000000000001,1.0
1,1,14.100000000000001,1.0
1,0,NaN,NaN
1,1,4.1000000000000005,1.0
1,1,8.1,1.0
1,0,NaN,NaN
1,1,10.100000000000001,1.0
8,4,12.100000000000001,2.0
3,2,5.1000000000000005,2.0
1,1,6.1000000000000005,1.0
1,0,NaN,NaN
1,1,13.100000000000001,1.0
1,1,2.1,1.0
1,0,NaN,NaN
1,1,12.100000000000001,1.0
1,0,NaN,NaN
14,6,8.1,3.0
2,1,11.100000000000001,2.0
10,10,4.1000000000000005,5.0
1,1,4.1000000000000005,1.0
1,1,6.1000000000000005,1.0
9,9,10.100000000000001,2.0
1,0,NaN,NaN
1,0,NaN,NaN
24,16,26.1,7.0
1,0,NaN,NaN
1,0,NaN,NaN
1,1,6.1000000000000005,1.0
1,1,5.1000000000000005,1.0
1,1,5.1000000000000005,1.0
1,0,NaN,NaN
1,1,12.100000000000001,1.0
5,4,7.1000000000000005,4.0
1,1,3.1,1.0
1,0,NaN,NaN
1,0,NaN,NaN
1,1,4.1000000000000005,1.0
7,4,5.1000000000000005,4.0
1,0,NaN,NaN
1,1,13.100000000000001,1.0
1,1,3.1,1.0
1,1,6.1000000000000005,1.0
1,1,5.1000000000000005,1.0
1,0,NaN,NaN
8,5,6.1000000000000005,2.0
8,3,8.1,3.0
1,1,7.1000000000000005,1.0
1,1,12.100000000000001,1.0
1,1,4.1000000000000005,1.0
1,1,6.1000000000000005,1.0
1,1,8.1,1.0
1,0,NaN,NaN
1,1,6.1000000000000005,1.0
1,1,10.100000000000001,1.0
5,2,11.100000000000001,5.0
1,1,9.1,1.0
1,1,7.1000000000000005,1.0
1,1,4.1000000000000005,1.0
5,3,11.100000000000001,5.0
1,1,7.1000000000000005,1.0
1,0,NaN,NaN
3,1,7.1000000000000005,3.0
1,1,5.1000000000000005,1.0
4,2,14.100000000000001,4.0
1,1,4.1000000000000005,1.0
2,2,5.1000000000000005,2.0
1,0,NaN,NaN
1,0,NaN,NaN
1,1,5.1000000000000005,1.0
4,1,7.1000000000000005,2.0
1,0,NaN,NaN
1,0,NaN,NaN
1,1,4.1000000000000005,1.0
3,2,12.100000000000001,2.0
1,0,NaN,NaN
1,1,7.1000000000000005,1.0
1,0,NaN,NaN
1,0,NaN,NaN
1,1,8.1,1.0
1,1,4.1000000000000005,1.0
15,7,8.1,13.0
1,1,4.1000000000000005,1.0
1,1,4.1000000000000005,1.0
1,1,8.1,1.0
1,1,8.1,1.0
1,0,NaN,NaN
1,0,NaN,NaN
1,1,3.1,1.0
1,1,8.1,1.0
1,0,NaN,NaN
1,0,NaN,NaN
1,0,NaN,NaN
1,1,8.1,1.0
1,1,8.1,1.0
1,1,5.1000000000000005,1.0
1,1,6.1000000000000005,1.0
1,1,5.1000000000000005,1.0
1,1,11.100000000000001,1.0
1,1,7.1000000000000005,1.0
1,1,9.1,1.0
3,2,7.1000000000000005,2.0
1,0,NaN,NaN
5,1,13.100000000000001,5.0
1,1,8.1,1.0
1,1,5.1000000000000005,1.0
1,0,NaN,NaN
1,0,NaN,NaN
1,0,NaN,NaN
1,1,6.1000000000000005,1.0
1,1,5.1000000000000005,1.0
1,0,NaN,NaN
1,1,7.1000000000000005,1.0
1,0,NaN,NaN
1,1,7.1000000000000005,1.0
1,1,14.100000000000001,1.0
1,1,7.1000000000000005,1.0
1,0,NaN,NaN
1,1,5.1000000000000005,1.0
1,0,NaN,NaN
1,0,NaN,NaN
1,1,12.100000000000001,1.0
1,1,7.1000000000000005,1.0
1,1,14.100000000000001,1.0
1,1,7.1000000000000005,1.0
27,26,7.1000000000000005,7.0
4,0,NaN,NaN
1,1,7.1000000000000005,1.0
1,1,3.1,1.0
1,0,NaN,NaN
1,1,5.1000000000000005,1.0
2,1,8.1,2.0
1,1,5.1000000000000005,1.0
1,0,NaN,NaN
1,1,4.1000000000000005,1.0
1,1,14.100000000000001,1.0
1,0,NaN,NaN
8,8,3.1,3.0
2,1,7.1000000000000005,2.0
1,1,13.100000000000001,1.0
22,18,5.1000000000000005,5.0
1,1,7.1000000000000005,1.0
1,1,4.1000000000000005,1.0
1,0,NaN,NaN
1,1,4.1000000000000005,1.0
2,1,3.1,1.0
1,0,NaN,NaN
1,1,7.1000000000000005,1.0
1,1,20.1,1.0
3,1,22.1,3.0
1,1,7.1000000000000005,1.0
1,1,4.1000000000000005,1.0
1,0,NaN,NaN
1,1,9.1,1.0
1,0,NaN,NaN
1,0,NaN,NaN
1,1,8.1,1.0
1,1,9.1,1.0
1,0,NaN,NaN
14,8,10.100000000000001,7.0
1,1,8.1,1.0
1,1,11.100000000000001,1.0
5,3,5.1000000000000005,2.0
1,0,NaN,NaN
1,1,3.1,1.0
1,0,NaN,NaN
2,0,NaN,NaN
1,1,9.1,1.0
1,1,5.1000000000000005,1.0
1,0,NaN,NaN
1,0,NaN,NaN
1,1,7.1000000000000005,1.0
1,0,NaN,NaN
1,1,7.1000000000000005,1.0
11,5,15.100000000000001,5.0
3,1,18.1,3.0
1,0,NaN,NaN
1,1,15.100000000000001,1.0
1,1,6.1000000000000005,1.0
1,0,NaN,NaN
1,0,NaN,NaN
1,1,6.1000000000000005,1.0
1,0,NaN,NaN
1,0,NaN,NaN
1,1,7.1000000000000005,1.0
1,0,NaN,NaN
1,0,NaN,NaN
1,0,NaN,NaN
1,1,6.1000000000000005,1.0
1,1,8.1,1.0
1,1,14.100000000000001,1.0
1,0,NaN,NaN
2,1,7.1000000000000005,2.0
1,0,NaN,NaN
1,0,NaN,NaN
26,24,6.1000000000000005,6.0
1,1,11.100000000000001,1.0
1,1,5.1000000000000005,1.0
1,1,6.1000000000000005,1.0
1,0,NaN,NaN
2,1,6.1000000000000005,2.0
1,1,12.100000000000001,1.0
1,0,NaN,NaN
6,3,10.100000000000001,3.0
1,1,4.1000000000000005,1.0
1,0,NaN,NaN
1,1,7.1000000000000005,1.0
1,1,10.100000000000001,1.0
1,0,NaN,NaN
3,1,10.100000000000001,3.0
1,1,5.1000000000000005,1.0
1,1,5.1000000000000005,1.0
10,10,5.1000000000000005,8.0
7,4,19.1,7.0
1,1,11.100000000000001,1.0
1,0,NaN,NaN
1,0,NaN,NaN
1,1,7.1000000000000005,1.0
1,1,7.1000000000000005,1.0
1,1,14.100000000000001,1.0
1,0,NaN,NaN
12,6,11.100000000000001,7.0
1,1,4.1000000000000005,1.0
1,1,8.1,1.0
4,2,6.1000000000000005,3.0
6,5,8.1,4.0
1,1,9.1,1.0
1,0,NaN,NaN
1,0,NaN,NaN
2,2,6.1000000000000005,1.0
10,3,9.1,4.0
2,1,8.1,2.0
1,1,11.100000000000001,1.0
2,2,8.1,1.0
1,1,11.100000000000001,1.0
1,1,7.1000000000000005,1.0
1,0,NaN,NaN
1,0,NaN,NaN
1,1,8.1,1.0
1,1,13.100000000000001,1.0
1,1,6.1000000000000005,1.0
5,4,11.100000000000001,5.0
2,0,NaN,NaN
5,3,12.100000000000001,3.0
1,0,NaN,NaN
1,0,NaN,NaN
1,0,NaN,NaN
8,5,9.1,4.0
1,0,NaN,NaN
1,1,7.1000000000000005,1.0
1,0,NaN,NaN
1,0,NaN,NaN
1,1,8.1,1.0
1,1,7.1000000000000005,1.0
1,0,NaN,NaN
5,2,10.100000000000001,2.0
1,0,NaN,NaN
2,0,NaN,NaN
1,0,NaN,NaN
8,5,4.1000000000000005,3.0
3,3,8.1,2.0
2,0,NaN,NaN
1,1,9.1,1.0
1,1,8.1,1.0
1,1,7.1000000000000005,1.0
9,3,9.1,6.0
1,1,9.1,1.0
1,1,4.1000000000000005,1.0
1,0,NaN,NaN
1,1,9.1,1.0
1,1,5.1000000000000005,1.0
1,1,6.1000000000000005,1.0
1,0,NaN,NaN
1,1,6.1000000000000005,1.0
5,2,12.100000000000001,5.0
1,1,5.1000000000000005,1.0
1,1,6.1000000000000005,1.0
10,9,5.1000000000000005,3.0
3,2,12.100000000000001,3.0
9,4,13.100000000000001,5.0
1,0,NaN,NaN
2,1,16.1,2.0
1,0,NaN,NaN
1,0,NaN,NaN
1,1,6.1000000000000005,1.0
36,25,8.1,14.0
1,1,6.1000000000000005,1.0
1,0,NaN,NaN
1,1,4.1000000000000005,1.0
1,1,14.100000000000001,1.0
18,16,8.1,12.0
1,1,5.1000000000000005,1.0
1,0,NaN,NaN
31,22,7.1000000000000005,11.0
1,0,NaN,NaN
1,1,2.1,1.0
1,0,NaN,NaN
6,3,8.1,6.0
1,0,NaN,NaN
1,0,NaN,NaN
11,4,7.1000000000000005,9.0
1,0,NaN,NaN
1,0,NaN,NaN
1,1,9.1,1.0
2,0,NaN,NaN
1,0,NaN,NaN
1,0,NaN,NaN
1,1,8.1,1.0
1,1,8.1,1.0
1,1,6.1000000000000005,1.0
9,5,17.1,9.0
1,1,6.1000000000000005,1.0
14,9,13.100000000000001,6.0
1,0,NaN,NaN
1,1,6.1000000000000005,1.0
1,0,NaN,NaN
1,0,NaN,NaN
1,1,4.1000000000000005,1.0
1,1,3.1,1.0
1,0,NaN,NaN
1,1,9.1,1.0
1,0,NaN,NaN
2,2,6.1000000000000005,1.0
2,0,NaN,NaN
1,0,NaN,NaN
1,1,8.1,1.0
20,17,9.1,3.0
1,1,10.100000000000001,1.0
1,0,NaN,NaN
1,0,NaN,NaN
1,0,NaN,NaN
1,0,NaN,NaN
1,1,11.100000000000001,1.0
1,1,6.1000000000000005,1.0
1,1,9.1,1.0
1,0,NaN,NaN
10,8,19.1,5.0
1,1,6.1000000000000005,1.0
24,17,10.100000000000001,8.0
1,0,NaN,NaN
1,1,3.1,1.0
1,1,10.100000000000001,1.0
1,1,10.100000000000001,1.0
3,2,10.100000000000001,3.0
10,10,7.1000000000000005,7.0
1,0,NaN,NaN
2,0,NaN,NaN
1,1,9.1,1.0
1,1,7.1000000000000005,1.0
1,0,NaN,NaN
1,0,NaN,NaN
1,1,4.1000000000000005,1.0
1,0,NaN,NaN
1,1,4.1000000000000005,1.0
1,0,NaN,NaN
1,1,5.1000000000000005,1.0
6,6,5.1000000000000005,5.0
1,1,4.1000000000000005,1.0
1,1,7.1000000000000005,1.0
3,2,12.100000000000001,2.0
1,1,7.1000000000000005,1.0
16,11,10.100000000000001,8.0
1,1,7.1000000000000005,1.0
1,0,NaN,NaN
1,0,NaN,NaN
1,1,6.1000000000000005,1.0
1,1,9.1,1.0
1,0,NaN,NaN
1,0,NaN,NaN
5,5,5.1000000000000005,5.0
1,1,2.1,1.0
1,1,3.1,1.0
1,1,8.1,1.0
1,1,11.100000000000001,1.0
1,0,NaN,NaN
1,1,7.1000000000000005,1.0
1,1,5.1000000000000005,1.0
1,1,19.1,1.0
1,1,6.1000000000000005,1.0
2,0,NaN,NaN
1,1,7.1000000000000005,1.0
1,0,NaN,NaN
1,0,NaN,NaN
1,0,NaN,NaN
1,0,NaN,NaN
1,1,6.1000000000000005,1.0
4,3,10.100000000000001,2.0
1,1,7.1000000000000005,1.0
1,0,NaN,NaN
1,1,4.1000000000000005,1.0
1,1,5.1000000000000005,1.0
1,1,8.1,1.0
1,1,4.1000000000000005,1.0
1,0,NaN,NaN
4,2,11.100000000000001,4.0
1,1,4.1000000000000005,1.0
1,0,NaN,NaN
1,0,NaN,NaN
1,1,5.1000000000000005,1.0
1,1,10.100000000000001,1.0
1,0,NaN,NaN
1,1,8.1,1.0
1,1,4.1000000000000005,1.0
1,1,11.100000000000001,1.0
1,1,6.1000000000000005,1.0
1,1,21.1,1.0
1,1,6.1000000000000005,1.0
1,0,NaN,NaN
1,1,15.100000000000001,1.0
2,1,7.1000000000000005,1.0
5,2,8.1,5.0
1,1,5.1000000000000005,1.0
1,1,14.100000000000001,1.0
1,0,NaN,NaN
1,0,NaN,NaN
1,1,10.100000000000001,1.0
1,0,NaN,NaN
1,0,NaN,NaN
1,0,NaN,NaN
1,1,7.1000000000000005,1.0
1,0,NaN,NaN
1,0,NaN,NaN
1,0,NaN,NaN
1,1,7.1000000000000005,1.0
1,1,13.100000000000001,1.0
1,0,NaN,NaN
1,0,NaN,NaN
6,2,8.1,5.0
1,0,NaN,NaN
1,0,NaN,NaN
1,1,6.1000000000000005,1.0
1,0,NaN,NaN
1,1,4.1000000000000005,1.0
1,0,NaN,NaN
1,1,6.1000000000000005,1.0
1,1,9.1,1.0
1,1,4.1000000000000005,1.0
1,1,7.1000000000000005,1.0
1,0,NaN,NaN
1,0,NaN,NaN
1,0,NaN,NaN
1,1,5.1000000000000005,1.0
1,1,7.1000000000000005,1.0
1,1,6.1000000000000005,1.0
1,0,NaN,NaN
1,0,NaN,NaN
1,1,8.1,1.0
1,1,3.1,1.0
13,8,8.1,10.0
1,1,5.1000000000000005,1.0
1,0,NaN,NaN
1,0,NaN,NaN
1,0,NaN,NaN
8,7,7.1000000000000005,3.0
1,0,NaN,NaN
1,1,7.1000000000000005,1.0
1,1,7.1000000000000005,1.0
2,1,6.1000000000000005,2.0
1,1,10.100000000000001,1.0
1,0,NaN,NaN
7,5,4.1000000000000005,4.0
1,0,NaN,NaN
1,0,NaN,NaN
1,1,6.1000000000000005,1.0
1,0,NaN,NaN
1,1,7.1000000000000005,1.0
1,1,7.1000000000000005,1.0
1,1,4.1000000000000005,1.0
1,1,7.1000000000000005,1.0
1,0,NaN,NaN
1,0,NaN,NaN
1,1,8.1,1.0
1,0,NaN,NaN
1,0,NaN,NaN
17,13,10.100000000000001,6.0
1,1,4.1000000000000005,1.0
1,1,7.1000000000000005,1.0
1,1,8.1,1.0
3,2,3.1,3.0
1,1,8.1,1.0
3,1,13.100000000000001,3.0
1,1,6.1000000000000005,1.0
1,1,8.1,1.0
1,1,14.100000000000001,1.0
2,2,3.1,1.0
1,1,6.1000000000000005,1.0
1,1,6.1000000000000005,1.0
1,1,6.1000000000000005,1.0
1,0,NaN,NaN
1,0,NaN,NaN
1,1,3.1,1.0
1,0,NaN,NaN
1,1,10.100000000000001,1.0
8,7,12.100000000000001,4.0
1,1,8.1,1.0
1,1,4.1000000000000005,1.0
1,1,6.1000000000000005,1.0
1,0,NaN,NaN
1,1,7.1000000000000005,1.0
4,2,12.100000000000001,4.0
5,1,15.100000000000001,5.0
1,0,NaN,NaN
1,1,7.1000000000000005,1.0
27,25,8.1,14.0
2,1,20.1,2.0
1,1,7.1000000000000005,1.0
1,1,9.1,1.0
1,1,7.1000000000000005,1.0
1,1,7.1000000000000005,1.0
1,0,NaN,NaN
1,0,NaN,NaN
1,0,NaN,NaN
1,0,NaN,NaN
1,0,NaN,NaN
1,1,7.1000000000000005,1.0
1,1,5.1000000000000005,1.0
13,7,6.1000000000000005,7.0
1,0,NaN,NaN
1,0,NaN,NaN
1,1,3.1,1.0
1,1,5.1000000000000005,1.0
1,1,11.100000000000001,1.0
1,1,4.1000000000000005,1.0
1,0,NaN,NaN
1,0,NaN,NaN
1,0,NaN,NaN
1,1,4.1000000000000005,1.0
10,4,10.100000000000001,6.0
1,1,5.1000000000000005,1.0
1,0,NaN,NaN
4,2,15.100000000000001,3.0
1,1,4.1000000000000005,1.0
1,0,NaN,NaN
2,1,16.1,2.0
1,1,5.1000000000000005,1.0
1,1,8.1,1.0
6,2,16.1,6.0
1,1,6.1000000000000005,1.0
1,1,4.1000000000000005,1.0
1,0,NaN,NaN
1,0,NaN,NaN
1,1,7.1000000000000005,1.0
3,2,3.1,1.0
1,1,5.1000000000000005,1.0
1,1,3.1,1.0
1,0,NaN,NaN
1,1,7.1000000000000005,1.0
1,1,7.1000000000000005,1.0
1,0,NaN,NaN
1,1,5.1000000000000005,1.0
1,1,7.1000000000000005,1.0
1,1,4.1000000000000005,1.0
1,1,4.1000000000000005,1.0
1,1,9.1,1.0
1,1,6.1000000000000005,1.0
1,0,NaN,NaN
1,1,8.1,1.0
1,1,6.1000000000000005,1.0
1,0,NaN,NaN
1,1,5.1000000000000005,1.0
16,16,4.1000000000000005,9.0
1,1,11.100000000000001,1.0
1,1,7.1000000000000005,1.0
2,1,12.100000000000001,2.0
1,0,NaN,NaN
2,2,7.1000000000000005,2.0
1,1,7.1000000000000005,1.0
1,1,8.1,1.0
6,3,9.1,2.0
7,3,9.1,3.0
1,1,5.1000000000000005,1.0
1,0,NaN,NaN
1,1,7.1000000000000005,1.0
1,1,5.1000000000000005,1.0
1,0,NaN,NaN
1,0,NaN,NaN
1,1,8.1,1.0
1,0,NaN,NaN
1,0,NaN,NaN
1,1,6.1000000000000005,1.0
1,0,NaN,NaN
1,1,4.1000000000000005,1.0
28,19,8.1,9.0
1,1,7.1000000000000005,1.0
1,0,NaN,NaN
1,1,14.100000000000001,1.0
1,1,8.1,1.0
1,1,2.1,1.0
1,1,7.1000000000000005,1.0
1,1,4.1000000000000005,1.0
1,1,4.1000000000000005,1.0
1,0,NaN,NaN
1,1,13.100000000000001,1.0
1,1,8.1,1.0
1,0,NaN,NaN
1,1,4.1000000000000005,1.0
2,0,NaN,NaN
1,1,4.1000000000000005,1.0
4,3,3.1,2.0
1,1,7.1000000000000005,1.0
1,0,NaN,NaN
1,0,NaN,NaN
3,2,10.100000000000001,3.0
1,0,NaN,NaN
1,0,NaN,NaN
1,1,5.1000000000000005,1.0
6,4,7.1000000000000005,4.0
1,0,NaN,NaN
1,1,5.1000000000000005,1.0
5,2,13.100000000000001,5.0
1,1,6.1000000000000005,1.0
1,0,NaN,NaN
1,1,5.1000000000000005,1.0
4,2,7.1000000000000005,4.0
1,1,5.1000000000000005,1.0
1,1,8.1,1.0
1,0,NaN,NaN
2,1,11.100000000000001,2.0
1,0,NaN,NaN
7,4,6.1000000000000005,4.0
1,0,NaN,NaN
1,1,6.1000000000000005,1.0
1,0,NaN,NaN
1,0,NaN,NaN
1,1,7.1000000000000005,1.0
2,2,8.1,2.0
1,0,NaN,NaN
1,1,7.1000000000000005,1.0
1,0,NaN,NaN
6,3,13.100000000000001,4.0
1,1,7.1000000000000005,1.0
1,1,7.1000000000000005,1.0
3,1,8.1,2.0
1,1,12.100000000000001,1.0
1,0,NaN,NaN
1,1,7.1000000000000005,1.0
1,1,7.1000000000000005,1.0
1,0,NaN,NaN
1,0,NaN,NaN
1,1,8.1,1.0
1,1,12.100000000000001,1.0
3,2,6.1000000000000005,3.0
1,0,NaN,NaN
1,1,5.1000000000000005,1.0
1,1,3.1,1.0
1,1,4.1000000000000005,1.0
1,0,NaN,NaN
1,0,NaN,NaN
1,1,5.1000000000000005,1.0
1,1,5.1000000000000005,1.0
1,1,6.1000000000000005,1.0
1,0,NaN,NaN
1,1,8.1,1.0
1,0,NaN,NaN
1,0,NaN,NaN
1,0,NaN,NaN
6,6,8.1,6.0
2,0,NaN,NaN
2,1,19.1,2.0
4,3,4.1000000000000005,4.0
1,1,5.1000000000000005,1.0
1,1,7.1000000000000005,1.0
1,0,NaN,NaN
1,1,8.1,1.0
1,0,NaN,NaN
1,0,NaN,NaN
1,1,14.100000000000001,1.0
1,1,7.1000000000000005,1.0
1,1,8.1,1.0
1,0,NaN,NaN
1,1,6.1000000000000005,1.0
1,1,5.1000000000000005,1.0
1,0,NaN,NaN
3,2,5.1000000000000005,2.0
3,3,8.1,3.0
1,0,NaN,NaN
1,0,NaN,NaN
1,1,14.100000000000001,1.0
1,0,NaN,NaN
1,1,3.1,1.0
1,1,6.1000000000000005,1.0
2,1,9.1,2.0
2,2,7.1000000000000005,1.0
1,1,7.1000000000000005,1.0
1,1,4.1000000000000005,1.0
1,0,NaN,NaN
2,0,NaN,NaN
1,1,9.1,1.0
1,0,NaN,NaN
1,1,5.1000000000000005,1.0
2,2,10.100000000000001,2.0
1,1,4.1000000000000005,1.0
1,1,6.1000000000000005,1.0
1,0,NaN,NaN
1,1,5.1000000000000005,1.0
31,26,8.1,15.0
1,1,9.1,1.0
1,1,8.1,1.0
3,2,13.100000000000001,1.0
8,4,7.1000000000000005,4.0
1,1,6.1000000000000005,1.0
1,1,15.100000000000001,1.0
10,10,4.1000000000000005,7.0
1,0,NaN,NaN
4,3,5.1000000000000005,1.0
11,5,17.1,5.0
6,1,9.1,6.0
1,0,NaN,NaN
1,0,NaN,NaN
2,1,11.100000000000001,2.0
1,0,NaN,NaN
1,1,7.1000000000000005,1.0
1,0,NaN,NaN
1,1,14.100000000000001,1.0
1,1,4.1000000000000005,1.0
1,0,NaN,NaN
4,2,13.100000000000001,3.0
1,1,5.1000000000000005,1.0
1,0,NaN,NaN
1,1,3.1,1.0
1,0,NaN,NaN
1,0,NaN,NaN
1,1,3.1,1.0
1,1,6.1000000000000005,1.0
1,1,6.1000000000000005,1.0
1,0,NaN,NaN
1,1,7.1000000000000005,1.0
1,1,8.1,1.0
14,3,13.100000000000001,11.0
1,1,5.1000000000000005,1.0
1,1,9.1,1.0
1,1,6.1000000000000005,1.0
7,5,6.1000000000000005,4.0
6,3,12.100000000000001,4.0
2,1,16.1,2.0
1,0,NaN,NaN
1,1,11.100000000000001,1.0
1,1,7.1000000000000005,1.0
1,1,5.1000000000000005,1.0
1,0,NaN,NaN
1,1,11.100000000000001,1.0
1,0,NaN,NaN
9,4,16.1,6.0
1,1,9.1,1.0
1,1,4.1000000000000005,1.0
1,1,9.1,1.0
1,0,NaN,NaN
1,0,NaN,NaN
1,0,NaN,NaN
1,1,8.1,1.0
1,0,NaN,NaN
1,0,NaN,NaN
1,0,NaN,NaN
1,1,12.100000000000001,1.0
2,1,7.1000000000000005,2.0
1,1,5.1000000000000005,1.0
1,1,9.1,1.0
1,0,NaN,NaN
1,1,3.1,1.0
1,1,3.1,1.0
1,0,NaN,NaN
5,2,12.100000000000001,5.0
48,42,7.1000000000000005,10.0
1,1,5.1000000000000005,1.0
2,0,NaN,NaN
2,0,NaN,NaN
1,1,7.1000000000000005,1.0
1,0,NaN,NaN
1,0,NaN,NaN
1,0,NaN,NaN
2,2,7.1000000000000005,2.0
1,0,NaN,NaN
1,0,NaN,NaN
38,21,9.1,12.0
1,0,NaN,NaN
1,1,4.1000000000000005,1.0
1,1,3.1,1.0
3,3,9.1,3.0
1,0,NaN,NaN
2,0,NaN,NaN
1,0,NaN,NaN
1,1,5.1000000000000005,1.0
1,1,5.1000000000000005,1.0
1,0,NaN,NaN
1,1,8.1,1.0
1,0,NaN,NaN
2,1,9.1,1.0
1,1,9.1,1.0
1,0,NaN,NaN
1,0,NaN,NaN
1,1,13.100000000000001,1.0
1,0,NaN,NaN
9,9,8.1,2.0
1,1,7.1000000000000005,1.0
1,1,6.1000000000000005,1.0
2,2,11.100000000000001,2.0
5,3,9.1,5.0
1,0,NaN,NaN
1,0,NaN,NaN
1,0,NaN,NaN
1,0,NaN,NaN
1,1,6.1000000000000005,1.0
1,1,10.100000000000001,1.0
1,1,7.1000000000000005,1.0
3,0,NaN,NaN
1,1,7.1000000000000005,1.0
1,1,5.1000000000000005,1.0
1,0,NaN,NaN
2,1,4.1000000000000005,1.0
1,0,NaN,NaN
1,1,6.1000000000000005,1.0
1,1,8.1,1.0
3,2,9.1,3.0
1,0,NaN,NaN
30,30,7.1000000000000005,13.0
1,0,NaN,NaN
11,7,4.1000000000000005,1.0
1,1,12.100000000000001,1.0
1,0,NaN,NaN
1,0,NaN,NaN
2,1,11.100000000000001,2.0
1,1,7.1000000000000005,1.0
1,0,NaN,NaN
1,1,8.1,1.0
1,1,8.1,1.0
1,0,NaN,NaN
1,0,NaN,NaN
25,21,8.1,9.0
1,0,NaN,NaN
1,0,NaN,NaN
1,0,NaN,NaN
1,0,NaN,NaN
1,1,5.1000000000000005,1.0
1,1,7.1000000000000005,1.0
1,1,7.1000000000000005,1.0
5,4,10.100000000000001,5.0
1,1,6.1000000000000005,1.0
1,0,NaN,NaN
1,0,NaN,NaN
1,1,8.1,1.0
1,1,10.100000000000001,1.0
1,0,NaN,NaN
16,9,5.1000000000000005,2.0
1,1,6.1000000000000005,1.0
5,4,10.100000000000001,4.0
1,0,NaN,NaN
1,0,NaN,NaN
1,1,10.100000000000001,1.0
1,1,13.100000000000001,1.0
1,0,NaN,NaN
1,1,4.1000000000000005,1.0
1,0,NaN,NaN
1,0,NaN,NaN
1,0,NaN,NaN
19,14,11.100000000000001,16.0
1,1,7.1000000000000005,1.0
1,0,NaN,NaN
23,23,9.1,4.0
1,0,NaN,NaN
20,12,11.100000000000001,14.0
1,0,NaN,NaN
1,1,6.1000000000000005,1.0
1,1,13.100000000000001,1.0
4,2,11.100000000000001,4.0
15,2,11.100000000000001,13.0
1,1,4.1000000000000005,1.0
1,0,NaN,NaN
3,3,9.1,2.0
1,1,3.1,1.0
1,1,6.1000000000000005,1.0
1,1,5.1000000000000005,1.0
2,1,5.1000000000000005,1.0
8,5,11.100000000000001,7.0
1,1,7.1000000000000005,1.0
1,1,6.1000000000000005,1.0
1,1,7.1000000000000005,1.0
1,1,7.1000000000000005,1.0
1,1,8.1,1.0
7,3,11.100000000000001,5.0
1,1,7.1000000000000005,1.0
1,0,NaN,NaN
1,0,NaN,NaN
5,4,9.1,5.0
1,0,NaN,NaN
3,1,7.1000000000000005,3.0
1,1,7.1000000000000005,1.0
1,1,8.1,1.0
1,1,5.1000000000000005,1.0
1,0,NaN,NaN
2,1,14.100000000000001,2.0
1,0,NaN,NaN
11,8,12.100000000000001,8.0
1,0,NaN,NaN
1,0,NaN,NaN
1,0,NaN,NaN
1,0,NaN,NaN
1,0,NaN,NaN
1,0,NaN,NaN
1,0,NaN,NaN
2,0,NaN,NaN
6,4,7.1000000000000005,3.0
1,1,3.1,1.0
1,1,5.1000000000000005,1.0
1,0,NaN,NaN
1,1,6.1000000000000005,1.0
1,1,6.1000000000000005,1.0
1,0,NaN,NaN
1,0,NaN,NaN
1,0,NaN,NaN
1,0,NaN,NaN
1,1,11.100000000000001,1.0
1,1,5.1000000000000005,1.0
1,1,7.1000000000000005,1.0
1,1,13.100000000000001,1.0
1,1,11.100000000000001,1.0
1,1,5.1000000000000005,1.0
1,0,NaN,NaN
1,0,NaN,NaN
1,0,NaN,NaN
2,1,6.1000000000000005,2.0
1,0,NaN,NaN
3,0,NaN,NaN
1,0,NaN,NaN
3,2,5.1000000000000005,2.0
1,0,NaN,NaN
14,5,16.1,5.0
1,0,NaN,NaN
1,1,7.1000000000000005,1.0
1,1,6.1000000000000005,1.0
1,1,13.100000000000001,1.0
1,0,NaN,NaN
2,1,6.1000000000000005,2.0
2,2,8.1,1.0
1,1,7.1000000000000005,1.0
1,1,7.1000000000000005,1.0
1,1,6.1000000000000005,1.0
1,0,NaN,NaN
1,1,11.100000000000001,1.0
4,3,5.1000000000000005,2.0
1,0,NaN,NaN
1,1,8.1,1.0
1,1,8.1,1.0
7,5,15.100000000000001,6.0
1,0,NaN,NaN
1,1,7.1000000000000005,1.0
1,1,14.100000000000001,1.0
1,0,NaN,NaN
1,0,NaN,NaN
2,1,5.1000000000000005,2.0
1,1,6.1000000000000005,1.0
1,0,NaN,NaN
1,0,NaN,NaN
1,1,7.1000000000000005,1.0
1,1,7.1000000000000005,1.0
1,0,NaN,NaN
1,0,NaN,NaN
1,1,4.1000000000000005,1.0
1,1,7.1000000000000005,1.0
1,0,NaN,NaN
6,3,6.1000000000000005,2.0
1,1,6.1000000000000005,1.0
1,0,NaN,NaN
1,0,NaN,NaN
1,1,5.1000000000000005,1.0
1,1,7.1000000000000005,1.0
1,1,7.1000000000000005,1.0
1,0,NaN,NaN
1,0,NaN,NaN
1,0,NaN,NaN
1,0,NaN,NaN
1,0,NaN,NaN
3,2,10.100000000000001,3.0
1,0,NaN,NaN
1,1,11.100000000000001,1.0
1,1,6.1000000000000005,1.0
1,1,5.1000000000000005,1.0
1,1,5.1000000000000005,1.0
5,3,14.100000000000001,2.0
1,0,NaN,NaN
1,0,NaN,NaN
30,21,7.1000000000000005,17.0
1,1,5.1000000000000005,1.0
1,0,NaN,NaN
22,18,3.1,1.0
2,1,6.1000000000000005,2.0
1,1,8.1,1.0
1,0,NaN,NaN
1,0,NaN,NaN
1,1,5.1000000000000005,1.0
7,5,9.1,5.0
1,0,NaN,NaN
1,1,4.1000000000000005,1.0
1,0,NaN,NaN
1,0,NaN,NaN
1,1,3.1,1.0
1,1,9.1,1.0
1,0,NaN,NaN
1,1,9.1,1.0
46,37,13.100000000000001,13.0
1,0,NaN,NaN
1,0,NaN,NaN
1,1,4.1000000000000005,1.0
8,2,12.100000000000001,8.0
1,1,7.1000000000000005,1.0
2,2,10.100000000000001,2.0
1,0,NaN,NaN
1,1,8.1,1.0
1,0,NaN,NaN
1,0,NaN,NaN
1,1,4.1000000000000005,1.0
32,31,9.1,25.0
1,1,8.1,1.0
1,1,8.1,1.0
2,0,NaN,NaN
1,0,NaN,NaN
1,1,3.1,1.0
1,1,9.1,1.0
1,1,7.1000000000000005,1.0
1,0,NaN,NaN
2,2,10.100000000000001,2.0
1,0,NaN,NaN
1,0,NaN,NaN
1,1,7.1000000000000005,1.0
1,1,12.100000000000001,1.0
1,1,6.1000000000000005,1.0
1,0,NaN,NaN
1,0,NaN,NaN
2,1,17.1,2.0
1,1,8.1,1.0
1,0,NaN,NaN
1,1,4.1000000000000005,1.0
1,1,5.1000000000000005,1.0
1,1,14.100000000000001,1.0
1,0,NaN,NaN
1,1,6.1000000000000005,1.0
1,1,5.1000000000000005,1.0
1,0,NaN,NaN
1,1,9.1,1.0
1,0,NaN,NaN
4,1,5.1000000000000005,3.0
1,0,NaN,NaN
1,0,NaN,NaN
1,0,NaN,NaN
2,1,17.1,2.0
1,1,13.100000000000001,1.0
2,0,NaN,NaN
2,1,12.100000000000001,2.0
6,3,10.100000000000001,6.0
16,15,4.1000000000000005,4.0
1,1,7.1000000000000005,1.0
1,1,11.100000000000001,1.0
1,0,NaN,NaN
1,1,6.1000000000000005,1.0
1,0,NaN,NaN
1,0,NaN,NaN
1,0,NaN,NaN
4,3,6.1000000000000005,2.0
1,1,8.1,1.0
2,1,7.1000000000000005,2.0
1,0,NaN,NaN
1,1,7.1000000000000005,1.0
1,1,2.1,1.0
1,0,NaN,NaN
1,0,NaN,NaN
1,0,NaN,NaN
6,3,10.100000000000001,3.0
2,1,7.1000000000000005,2.0
1,1,15.100000000000001,1.0
1,0,NaN,NaN
1,0,NaN,NaN
1,1,13.100000000000001,1.0
1,1,3.1,1.0
27,24,12.100000000000001,11.0
1,0,NaN,NaN
1,1,5.1000000000000005,1.0
1,0,NaN,NaN
1,0,NaN,NaN
1,0,NaN,NaN
1,1,7.1000000000000005,1.0
1,0,NaN,NaN
2,2,7.1000000000000005,2.0
1,1,7.1000000000000005,1.0
1,0,NaN,NaN
34,24,8.1,17.0
1,1,8.1,1.0
1,1,12.100000000000001,1.0
1,0,NaN,NaN
1,0,NaN,NaN
1,0,NaN,NaN
1,0,NaN,NaN
1,0,NaN,NaN
1,0,NaN,NaN
1,1,7.1000000000000005,1.0
1,1,6.1000000000000005,1.0
1,0,NaN,NaN
1,0,NaN,NaN
1,0,NaN,NaN
1,1,4.1000000000000005,1.0
9,5,12.100000000000001,9.0
1,0,NaN,NaN
1,1,8.1,1.0
1,0,NaN,NaN
1,0,NaN,NaN
1,1,10.100000000000001,1.0
1,1,8.1,1.0
1,0,NaN,NaN
1,0,NaN,NaN
1,0,NaN,NaN
1,1,7.1000000000000005,1.0
1,1,6.1000000000000005,1.0
1,1,5.1000000000000005,1.0
1,0,NaN,NaN
3,2,4.1000000000000005,2.0
1,0,NaN,NaN
1,0,NaN,NaN
1,1,7.1000000000000005,1.0
17,8,12.100000000000001,9.0
1,0,NaN,NaN
1,1,4.1000000000000005,1.0
3,3,6.1000000000000005,3.0
1,1,13.100000000000001,1.0
1,1,11.100000000000001,1.0
1,1,8.1,1.0
4,3,11.100000000000001,4.0
1,1,8.1,1.0
1,0,NaN,NaN
1,1,5.1000000000000005,1.0
1,1,14.100000000000001,1.0
9,3,17.1,9.0
1,0,NaN,NaN
1,1,8.1,1.0
33,24,23.1,7.0
1,1,7.1000000000000005,1.0
1,1,3.1,1.0
1,1,2.1,1.0
1,0,NaN,NaN
1,0,NaN,NaN
1,0,NaN,NaN
1,0,NaN,NaN
1,1,5.1000000000000005,1.0
2,2,6.1000000000000005,2.0
1,0,NaN,NaN
1,1,4.1000000000000005,1.0
1,0,NaN,NaN
1,1,13.100000000000001,1.0
1,0,NaN,NaN
1,1,3.1,1.0
1,0,NaN,NaN
1,0,NaN,NaN
1,0,NaN,NaN
1,1,8.1,1.0
1,1,16.1,1.0
1,1,5.1000000000000005,1.0
1,0,NaN,NaN
1,1,5.1000000000000005,1.0
1,0,NaN,NaN
1,0,NaN,NaN
1,1,9.1,1.0
1,1,6.1000000000000005,1.0
3,2,16.1,3.0
1,1,3.1,1.0
1,1,4.1000000000000005,1.0
1,0,NaN,NaN
1,0,NaN,NaN
1,1,6.1000000000000005,1.0
1,1,19.1,1.0
1,0,NaN,NaN
1,0,NaN,NaN
4,4,4.1000000000000005,4.0
1,0,NaN,NaN
1,1,13.100000000000001,1.0
4,1,21.1,4.0
1,0,NaN,NaN
1,0,NaN,NaN
38,27,5.1000000000000005,6.0
1,1,7.1000000000000005,1.0
1,1,7.1000000000000005,1.0
2,1,11.100000000000001,2.0
13,13,7.1000000000000005,8.0
1,1,8.1,1.0
1,0,NaN,NaN
12,11,6.1000000000000005,4.0
1,1,5.1000000000000005,1.0
1,0,NaN,NaN
1,1,10.100000000000001,1.0
1,1,8.1,1.0
1,0,NaN,NaN
1,1,8.1,1.0
1,1,10.100000000000001,1.0
1,0,NaN,NaN
1,0,NaN,NaN
1,0,NaN,NaN
1,1,7.1000000000000005,1.0
1,0,NaN,NaN
1,1,4.1000000000000005,1.0
1,1,8.1,1.0
1,1,5.1000000000000005,1.0
2,2,11.100000000000001,2.0
1,1,7.1000000000000005,1.0
1,0,NaN,NaN
1,1,12.100000000000001,1.0
1,0,NaN,NaN
1,0,NaN,NaN
1,1,12.100000000000001,1.0
1,0,NaN,NaN
1,0,NaN,NaN
1,0,NaN,NaN
1,0,NaN,NaN
1,1,14.100000000000001,1.0
2,1,14.100000000000001,2.0
4,1,14.100000000000001,4.0
1,0,NaN,NaN
2,1,7.1000000000000005,1.0
1,0,NaN,NaN
1,1,10.100000000000001,1.0
14,11,9.1,8.0
1,0,NaN,NaN
4,1,17.1,4.0
3,1,17.1,3.0
1,1,3.1,1.0
1,0,NaN,NaN
1,1,7.1000000000000005,1.0
1,0,NaN,NaN
2,1,6.1000000000000005,1.0
1,1,7.1000000000000005,1.0
4,4,7.1000000000000005,4.0
1,0,NaN,NaN
1,1,3.1,1.0
1,1,9.1,1.0
1,1,6.1000000000000005,1.0
5,4,5.1000000000000005,3.0
1,0,NaN,NaN
1,1,6.1000000000000005,1.0
3,1,17.1,3.0
1,1,6.1000000000000005,1.0
8,4,11.100000000000001,8.0
5,3,7.1000000000000005,4.0
1,1,12.100000000000001,1.0
2,1,8.1,2.0
1,0,NaN,NaN
1,1,6.1000000000000005,1.0
1,1,5.1000000000000005,1.0
1,0,NaN,NaN
2,2,8.1,2.0
16,16,7.1000000000000005,7.0
1,1,4.1000000000000005,1.0
1,0,NaN,NaN
1,1,11.100000000000001,1.0
2,1,10.100000000000001,2.0
1,1,9.1,1.0
30,26,12.100000000000001,13.0
1,0,NaN,NaN
1,0,NaN,NaN
2,2,8.1,1.0
1,0,NaN,NaN
5,4,10.100000000000001,4.0
1,0,NaN,NaN
1,1,6.1000000000000005,1.0
1,0,NaN,NaN
1,0,NaN,NaN
1,0,NaN,NaN
6,6,8.1,3.0
1,0,NaN,NaN
5,3,8.1,3.0
1,1,6.1000000000000005,1.0
1,0,NaN,NaN
1,0,NaN,NaN
1,1,6.1000000000000005,1.0
2,0,NaN,NaN
1,0,NaN,NaN
1,1,4.1000000000000005,1.0
1,1,7.1000000000000005,1.0
3,2,17.1,3.0
17,14,13.100000000000001,5.0
1,1,4.1000000000000005,1.0
1,0,NaN,NaN
1,1,4.1000000000000005,1.0
1,0,NaN,NaN
1,0,NaN,NaN
1,0,NaN,NaN
1,0,NaN,NaN
1,1,7.1000000000000005,1.0
1,1,5.1000000000000005,1.0
2,1,17.1,2.0
1,1,5.1000000000000005,1.0
1,1,7.1000000000000005,1.0
1,1,6.1000000000000005,1.0
1,1,3.1,1.0
1,1,3.1,1.0
1,0,NaN,NaN
1,1,10.100000000000001,1.0
1,1,9.1,1.0
1,1,7.1000000000000005,1.0
1,1,12.100000000000001,1.0
3,2,5.1000000000000005,2.0
1,1,12.100000000000001,1.0
1,1,11.100000000000001,1.0
1,1,6.1000000000000005,1.0
1,1,7.1000000000000005,1.0
1,1,3.1,1.0
1,1,7.1000000000000005,1.0
22,19,11.100000000000001,5.0
2,0,NaN,NaN
2,1,11.100000000000001,2.0
1,0,NaN,NaN
3,0,NaN,NaN
1,1,10.100000000000001,1.0
23,16,11.100000000000001,6.0
1,1,7.1000000000000005,1.0
2,1,9.1,2.0
4,2,13.100000000000001,4.0
1,1,7.1000000000000005,1.0
1,0,NaN,NaN
1,0,NaN,NaN
1,0,NaN,NaN
1,0,NaN,NaN
1,1,6.1000000000000005,1.0
1,0,NaN,NaN
1,1,8.1,1.0
1,0,NaN,NaN
2,2,6.1000000000000005,2.0
1,1,7.1000000000000005,1.0
1,1,11.100000000000001,1.0
1,1,13.100000000000001,1.0
1,0,NaN,NaN
4,1,13.100000000000001,4.0
1,1,5.1000000000000005,1.0
1,1,7.1000000000000005,1.0
1,0,NaN,NaN
18,16,7.1000000000000005,2.0
1,0,NaN,NaN
8,3,9.1,5.0
11,8,8.1,4.0
5,2,7.1000000000000005,4.0
1,1,4.1000000000000005,1.0
37,27,13.100000000000001,23.0
1,0,NaN,NaN
1,1,7.1000000000000005,1.0
2,2,9.1,1.0
1,1,6.1000000000000005,1.0
1,0,NaN,NaN
18,16,6.1000000000000005,5.0
1,0,NaN,NaN
1,0,NaN,NaN
1,0,NaN,NaN
1,0,NaN,NaN
23,19,6.1000000000000005,2.0
22,18,7.1000000000000005,10.0
1,0,NaN,NaN
1,0,NaN,NaN
1,0,NaN,NaN
2,2,9.1,2.0
14,7,6.1000000000000005,5.0
9,4,7.1000000000000005,4.0
1,0,NaN,NaN
1,1,13.100000000000001,1.0
1,1,6.1000000000000005,1.0
9,5,13.100000000000001,8.0
1,0,NaN,NaN
1,0,NaN,NaN
1,1,6.1000000000000005,1.0
1,1,5.1000000000000005,1.0
1,1,5.1000000000000005,1.0
1,1,15.100000000000001,1.0
1,1,8.1,1.0
4,3,9.1,3.0
1,1,7.1000000000000005,1.0
1,0,NaN,NaN
1,1,15.100000000000001,1.0
1,1,7.1000000000000005,1.0
1,0,NaN,NaN
1,1,3.1,1.0
1,0,NaN,NaN
1,1,7.1000000000000005,1.0
1,0,NaN,NaN
1,0,NaN,NaN
1,0,NaN,NaN
1,1,11.100000000000001,1.0
1,0,NaN,NaN
1,1,13.100000000000001,1.0
1,1,3.1,1.0
1,1,8.1,1.0
1,0,NaN,NaN
4,2,6.1000000000000005,3.0
1,1,9.1,1.0
1,0,NaN,NaN
5,3,7.1000000000000005,5.0
1,1,14.100000000000001,1.0
1,1,2.1,1.0
1,1,8.1,1.0
1,1,7.1000000000000005,1.0
1,1,8.1,1.0
1,1,5.1000000000000005,1.0
1,0,NaN,NaN
1,0,NaN,NaN
2,1,12.100000000000001,2.0
14,13,11.100000000000001,7.0
1,1,5.1000000000000005,1.0
1,0,NaN,NaN
1,1,3.1,1.0
1,1,7.1000000000000005,1.0
1,1,9.1,1.0
1,0,NaN,NaN
1,1,4.1000000000000005,1.0
1,1,8.1,1.0
2,2,5.1000000000000005,1.0
1,1,3.1,1.0
1,1,14.100000000000001,1.0
1,0,NaN,NaN
1,0,NaN,NaN
1,0,NaN,NaN
6,3,3.1,2.0
1,1,6.1000000000000005,1.0
1,1,8.1,1.0
1,0,NaN,NaN
1,1,5.1000000000000005,1.0
1,1,6.1000000000000005,1.0
1,1,6.1000000000000005,1.0
1,1,13.100000000000001,1.0
2,0,NaN,NaN
1,1,16.1,1.0
1,0,NaN,NaN
1,1,3.1,1.0
1,0,NaN,NaN
1,1,3.1,1.0
1,0,NaN,NaN
1,0,NaN,NaN
6,3,6.1000000000000005,4.0
1,1,8.1,1.0
2,1,4.1000000000000005,2.0
1,1,3.1,1.0
1,1,8.1,1.0
1,1,7.1000000000000005,1.0
1,1,7.1000000000000005,1.0
3,3,6.1000000000000005,1.0
1,1,4.1000000000000005,1.0
1,0,NaN,NaN
1,1,4.1000000000000005,1.0
1,0,NaN,NaN
1,0,NaN,NaN
1,1,5.1000000000000005,1.0
1,0,NaN,NaN
1,0,NaN,NaN
2,0,NaN,NaN
8,8,4.1000000000000005,6.0
3,2,5.1000000000000005,3.0
1,1,8.1,1.0
1,0,NaN,NaN
1,0,NaN,NaN
1,1,6.1000000000000005,1.0
1,1,6.1000000000000005,1.0
1,1,6.1000000000000005,1.0
1,1,6.1000000000000005,1.0
6,4,4.1000000000000005,1.0
6,5,10.100000000000001,6.0
1,1,8.1,1.0
1,0,NaN,NaN
1,0,NaN,NaN
5,5,7.1000000000000005,3.0
1,1,5.1000000000000005,1.0
32,28,8.1,3.0
1,1,8.1,1.0
1,0,NaN,NaN
1,0,NaN,NaN
1,1,7.1000000000000005,1.0
1,1,8.1,1.0
1,1,2.1,1.0
1,1,7.1000000000000005,1.0
1,1,6.1000000000000005,1.0
1,1,8.1,1.0
1,0,NaN,NaN
1,0,NaN,NaN
1,0,NaN,NaN
2,0,NaN,NaN
9,6,3.1,1.0
1,1,8.1,1.0
1,1,7.1000000000000005,1.0
1,0,NaN,NaN
1,1,3.1,1.0
1,0,NaN,NaN
1,1,3.1,1.0
2,1,10.100000000000001,2.0
1,0,NaN,NaN
3,1,22.1,3.0
1,0,NaN,NaN
1,1,8.1,1.0
1,0,NaN,NaN
1,0,NaN,NaN
1,1,6.1000000000000005,1.0
1,1,9.1,1.0
1,0,NaN,NaN
1,0,NaN,NaN
27,26,7.1000000000000005,9.0
26,12,14.100000000000001,13.0
1,0,NaN,NaN
5,3,6.1000000000000005,2.0
1,1,7.1000000000000005,1.0
1,1,11.100000000000001,1.0
1,1,3.1,1.0
1,1,5.1000000000000005,1.0
5,2,6.1000000000000005,1.0
1,1,7.1000000000000005,1.0
1,0,NaN,NaN
1,0,NaN,NaN
1,0,NaN,NaN
1,0,NaN,NaN
1,1,8.1,1.0
1,1,7.1000000000000005,1.0
1,1,6.1000000000000005,1.0
1,0,NaN,NaN
1,1,13.100000000000001,1.0
1,0,NaN,NaN
3,3,8.1,3.0
1,0,NaN,NaN
1,1,6.1000000000000005,1.0
1,1,5.1000000000000005,1.0
1,0,NaN,NaN
1,1,9.1,1.0
1,1,6.1000000000000005,1.0
3,2,8.1,3.0
1,0,NaN,NaN
10,9,9.1,10.0
1,0,NaN,NaN
1,1,8.1,1.0
1,0,NaN,NaN
1,0,NaN,NaN
8,4,7.1000000000000005,6.0
1,0,NaN,NaN
1,0,NaN,NaN
1,0,NaN,NaN
1,0,NaN,NaN
1,1,8.1,1.0
1,1,8.1,1.0
2,2,12.100000000000001,2.0
1,1,6.1000000000000005,1.0
1,1,6.1000000000000005,1.0
1,1,11.100000000000001,1.0
1,0,NaN,NaN
1,1,10.100000000000001,1.0
1,0,NaN,NaN
1,0,NaN,NaN
3,1,16.1,3.0
1,0,NaN,NaN
1,0,NaN,NaN
1,1,4.1000000000000005,1.0
2,1,12.100000000000001,2.0
1,0,NaN,NaN
1,1,8.1,1.0
7,4,5.1000000000000005,4.0
1,0,NaN,NaN
1,1,10.100000000000001,1.0
1,0,NaN,NaN
1,1,3.1,1.0
1,1,5.1000000000000005,1.0
3,1,22.1,3.0
1,0,NaN,NaN
1,1,7.1000000000000005,1.0
12,6,12.100000000000001,10.0
1,1,6.1000000000000005,1.0
1,1,7.1000000000000005,1.0
1,0,NaN,NaN
1,1,5.1000000000000005,1.0
1,0,NaN,NaN
1,0,NaN,NaN
9,9,4.1000000000000005,5.0
1,1,4.1000000000000005,1.0
1,0,NaN,NaN
1,0,NaN,NaN
1,0,NaN,NaN
1,1,3.1,1.0
1,0,NaN,NaN
4,4,4.1000000000000005,4.0
1,0,NaN,NaN
1,0,NaN,NaN
1,1,7.1000000000000005,1.0
2,1,9.1,2.0
1,1,5.1000000000000005,1.0
7,4,13.100000000000001,6.0
1,0,NaN,NaN
11,9,12.100000000000001,8.0
21,20,9.1,3.0
1,0,NaN,NaN
1,1,8.1,1.0
2,0,NaN,NaN
1,0,NaN,NaN
1,1,7.1000000000000005,1.0
1,1,7.1000000000000005,1.0
4,4,6.1000000000000005,1.0
1,1,8.1,1.0
1,0,NaN,NaN
2,1,22.1,2.0
1,1,6.1000000000000005,1.0
3,2,10.100000000000001,3.0
2,1,10.100000000000001,2.0
1,1,11.100000000000001,1.0
1,1,5.1000000000000005,1.0
1,0,NaN,NaN
1,0,NaN,NaN
1,1,4.1000000000000005,1.0
3,1,15.100000000000001,3.0
1,0,NaN,NaN
1,0,NaN,NaN
1,0,NaN,NaN
1,0,NaN,NaN
1,0,NaN,NaN
1,0,NaN,NaN
1,1,6.1000000000000005,1.0
1,1,6.1000000000000005,1.0
1,1,7.1000000000000005,1.0
1,0,NaN,NaN
1,1,13.100000000000001,1.0
1,1,9.1,1.0
1,1,11.100000000000001,1.0
1,1,7.1000000000000005,1.0
1,1,10.100000000000001,1.0
5,3,8.1,5.0
8,6,6.1000000000000005,2.0
3,2,12.100000000000001,3.0
1,1,7.1000000000000005,1.0
1,1,11.100000000000001,1.0
13,9,16.1,8.0
1,1,7.1000000000000005,1.0
2,1,21.1,2.0
1,0,NaN,NaN
1,1,12.100000000000001,1.0
1,1,3.1,1.0
3,0,NaN,NaN
1,0,NaN,NaN
1,1,6.1000000000000005,1.0
1,0,NaN,NaN
1,1,14.100000000000001,1.0
1,1,8.1,1.0
2,1,16.1,2.0
1,1,5.1000000000000005,1.0
1,1,11.100000000000001,1.0
1,0,NaN,NaN
1,1,7.1000000000000005,1.0
1,0,NaN,NaN
1,0,NaN,NaN
3,1,13.100000000000001,3.0
1,1,3.1,1.0
34,26,17.1,20.0
1,1,7.1000000000000005,1.0
1,1,10.100000000000001,1.0
1,1,6.1000000000000005,1.0
1,1,6.1000000000000005,1.0
1,1,10.100000000000001,1.0
1,1,13.100000000000001,1.0
1,1,7.1000000000000005,1.0
1,0,NaN,NaN
1,1,7.1000000000000005,1.0
3,1,6.1000000000000005,3.0
1,1,5.1000000000000005,1.0
1,0,NaN,NaN
1,1,6.1000000000000005,1.0
1,0,NaN,NaN
4,2,17.1,3.0
1,1,4.1000000000000005,1.0
14,12,10.100000000000001,3.0
1,0,NaN,NaN
1,1,7.1000000000000005,1.0
1,0,NaN,NaN
1,0,NaN,NaN
5,2,19.1,5.0
1,0,NaN,NaN
1,0,NaN,NaN
1,0,NaN,NaN
1,1,8.1,1.0
1,0,NaN,NaN
1,0,NaN,NaN
1,0,NaN,NaN
1,1,10.100000000000001,1.0
2,2,8.1,2.0
26,21,10.100000000000001,8.0
3,2,3.1,2.0
2,1,7.1000000000000005,2.0
1,0,NaN,NaN
1,1,8.1,1.0
1,1,3.1,1.0
1,0,NaN,NaN
1,0,NaN,NaN
14,6,9.1,8.0
5,4,10.100000000000001,4.0
4,2,16.1,4.0
1,1,6.1000000000000005,1.0
1,1,6.1000000000000005,1.0
1,0,NaN,NaN
1,0,NaN,NaN
1,1,7.1000000000000005,1.0
1,1,3.1,1.0
1,0,NaN,NaN
1,0,NaN,NaN
1,1,5.1000000000000005,1.0
1,1,14.100000000000001,1.0
1,0,NaN,NaN
1,0,NaN,NaN
1,0,NaN,NaN
1,1,9.1,1.0
1,0,NaN,NaN
1,1,7.1000000000000005,1.0
1,1,7.1000000000000005,1.0
1,0,NaN,NaN
2,2,8.1,2.0
1,1,14.100000000000001,1.0
1,0,NaN,NaN
1,1,7.1000000000000005,1.0
1,1,7.1000000000000005,1.0
1,1,5.1000000000000005,1.0
1,0,NaN,NaN
38,27,7.1000000000000005,4.0
8,5,12.100000000000001,4.0
1,1,5.1000000000000005,1.0
1,1,21.1,1.0
1,1,7.1000000000000005,1.0
1,0,NaN,NaN
1,1,8.1,1.0
2,1,9.1,2.0
1,1,11.100000000000001,1.0
1,1,7.1000000000000005,1.0
1,1,4.1000000000000005,1.0
1,1,6.1000000000000005,1.0
2,1,9.1,2.0
1,1,4.1000000000000005,1.0
1,1,4.1000000000000005,1.0
1,1,5.1000000000000005,1.0
1,1,11.100000000000001,1.0
2,2,10.100000000000001,2.0
1,1,7.1000000000000005,1.0
1,0,NaN,NaN
14,6,4.1000000000000005,2.0
1,1,4.1000000000000005,1.0
4,2,8.1,4.0
1,0,NaN,NaN
1,1,11.100000000000001,1.0
1,1,8.1,1.0
1,1,6.1000000000000005,1.0
1,0,NaN,NaN
12,7,12.100000000000001,6.0
1,0,NaN,NaN
1,0,NaN,NaN
1,0,NaN,NaN
1,1,4.1000000000000005,1.0
1,0,NaN,NaN
2,2,8.1,2.0
1,0,NaN,NaN
1,1,8.1,1.0
1,0,NaN,NaN
1,0,NaN,NaN
1,1,5.1000000000000005,1.0
1,1,7.1000000000000005,1.0
1,0,NaN,NaN
1,0,NaN,NaN
1,0,NaN,NaN
1,0,NaN,NaN
1,1,5.1000000000000005,1.0
15,6,11.100000000000001,4.0
1,0,NaN,NaN
1,1,9.1,1.0
1,1,6.1000000000000005,1.0
1,1,9.1,1.0
3,2,12.100000000000001,3.0
12,11,9.1,9.0
1,1,7.1000000000000005,1.0
3,2,7.1000000000000005,3.0
1,1,4.1000000000000005,1.0
1,1,4.1000000000000005,1.0
8,6,14.100000000000001,6.0
1,0,NaN,NaN
1,1,5.1000000000000005,1.0
1,1,17.1,1.0
1,0,NaN,NaN
11,8,4.1000000000000005,3.0
1,1,6.1000000000000005,1.0
1,0,NaN,NaN
1,1,7.1000000000000005,1.0
2,2,4.1000000000000005,1.0
1,0,NaN,NaN
1,0,NaN,NaN
2,1,18.1,2.0
8,5,6.1000000000000005,5.0
1,1,4.1000000000000005,1.0
1,1,6.1000000000000005,1.0
1,1,8.1,1.0
3,2,14.100000000000001,3.0
1,1,7.1000000000000005,1.0
1,1,6.1000000000000005,1.0
1,1,5.1000000000000005,1.0
1,0,NaN,NaN
1,0,NaN,NaN
1,0,NaN,NaN
1,0,NaN,NaN
9,5,8.1,5.0
5,2,16.1,3.0
1,0,NaN,NaN
1,0,NaN,NaN
1,1,8.1,1.0
1,1,6.1000000000000005,1.0
1,0,NaN,NaN
1,0,NaN,NaN
1,1,7.1000000000000005,1.0
1,1,6.1000000000000005,1.0
1,0,NaN,NaN
1,1,8.1,1.0
2,1,9.1,2.0
1,1,6.1000000000000005,1.0
1,0,NaN,NaN
31,22,6.1000000000000005,2.0
14,5,15.100000000000001,5.0
2,1,13.100000000000001,2.0
1,1,6.1000000000000005,1.0
1,1,7.1000000000000005,1.0
1,1,3.1,1.0
6,1,35.1,6.0
1,1,8.1,1.0
1,0,NaN,NaN
1,0,NaN,NaN
1,1,8.1,1.0
1,1,2.1,1.0
1,1,7.1000000000000005,1.0
1,1,9.1,1.0
1,1,6.1000000000000005,1.0
1,0,NaN,NaN
1,1,7.1000000000000005,1.0
1,1,8.1,1.0
1,1,5.1000000000000005,1.0
2,1,9.1,2.0
1,0,NaN,NaN
1,0,NaN,NaN
3,2,7.1000000000000005,2.0
1,1,19.1,1.0
3,3,6.1000000000000005,3.0
1,0,NaN,NaN
1,1,6.1000000000000005,1.0
14,9,15.100000000000001,2.0
1,1,7.1000000000000005,1.0
1,1,8.1,1.0
4,3,13.100000000000001,4.0
1,0,NaN,NaN
1,0,NaN,NaN
2,1,15.100000000000001,2.0
1,1,3.1,1.0
13,10,4.1000000000000005,2.0
3,2,6.1000000000000005,3.0
1,1,7.1000000000000005,1.0
2,0,NaN,NaN
2,0,NaN,NaN
2,1,14.100000000000001,2.0
1,1,8.1,1.0
11,10,7.1000000000000005,10.0
3,2,12.100000000000001,3.0
2,2,7.1000000000000005,2.0
1,1,8.1,1.0
1,1,7.1000000000000005,1.0
1,1,5.1000000000000005,1.0
2,1,8.1,2.0
1,1,9.1,1.0
1,1,7.1000000000000005,1.0
1,1,8.1,1.0
3,1,9.1,2.0
1,0,NaN,NaN
1,1,5.1000000000000005,1.0
2,1,5.1000000000000005,2.0
4,2,7.1000000000000005,1.0
29,15,21.1,21.0
1,0,NaN,NaN
2,1,7.1000000000000005,2.0
1,0,NaN,NaN
1,1,4.1000000000000005,1.0
1,0,NaN,NaN
1,0,NaN,NaN
2,1,13.100000000000001,2.0
23,18,5.1000000000000005,8.0
1,0,NaN,NaN
1,1,6.1000000000000005,1.0
1,1,11.100000000000001,1.0
1,0,NaN,NaN
1,0,NaN,NaN
2,1,4.1000000000000005,1.0
1,1,7.1000000000000005,1.0
1,1,3.1,1.0
1,0,NaN,NaN
29,18,7.1000000000000005,7.0
1,1,4.1000000000000005,1.0
1,1,9.1,1.0
4,3,9.1,4.0
1,1,10.100000000000001,1.0
1,0,NaN,NaN
1,0,NaN,NaN
2,0,NaN,NaN
1,0,NaN,NaN
1,1,5.1000000000000005,1.0
1,0,NaN,NaN
1,0,NaN,NaN
1,0,NaN,NaN
6,4,4.1000000000000005,2.0
5,2,28.1,5.0
1,1,4.1000000000000005,1.0
1,1,7.1000000000000005,1.0
1,0,NaN,NaN
1,1,5.1000000000000005,1.0
1,0,NaN,NaN
1,1,6.1000000000000005,1.0
1,0,NaN,NaN
1,0,NaN,NaN
10,9,17.1,9.0
1,1,6.1000000000000005,1.0
1,1,6.1000000000000005,1.0
1,1,2.1,1.0
3,1,5.1000000000000005,3.0
1,0,NaN,NaN
5,5,5.1000000000000005,3.0
1,1,11.100000000000001,1.0
2,2,10.100000000000001,2.0
1,1,4.1000000000000005,1.0
1,0,NaN,NaN
3,2,7.1000000000000005,2.0
4,3,4.1000000000000005,2.0
1,1,8.1,1.0
1,0,NaN,NaN
1,0,NaN,NaN
1,1,9.1,1.0
1,0,NaN,NaN
1,1,4.1000000000000005,1.0
1,1,5.1000000000000005,1.0
1,0,NaN,NaN
3,3,4.1000000000000005,2.0
1,1,7.1000000000000005,1.0
3,2,4.1000000000000005,1.0
1,1,8.1,1.0
2,2,2.1,1.0
1,1,6.1000000000000005,1.0
4,2,7.1000000000000005,3.0
1,0,NaN,NaN
1,1,5.1000000000000005,1.0
29,26,4.1000000000000005,1.0
1,0,NaN,NaN
1,1,6.1000000000000005,1.0
6,2,14.100000000000001,4.0
1,1,11.100000000000001,1.0
1,1,6.1000000000000005,1.0
1,0,NaN,NaN
1,0,NaN,NaN
1,1,7.1000000000000005,1.0
1,0,NaN,NaN
1,1,4.1000000000000005,1.0
1,1,6.1000000000000005,1.0
3,2,4.1000000000000005,1.0
1,1,8.1,1.0
1,0,NaN,NaN
6,3,6.1000000000000005,4.0
38,32,10.100000000000001,19.0
1,1,12.100000000000001,1.0
3,2,12.100000000000001,3.0
2,1,8.1,2.0
1,0,NaN,NaN
1,1,6.1000000000000005,1.0
1,0,NaN,NaN
3,2,12.100000000000001,1.0
1,1,7.1000000000000005,1.0
1,1,8.1,1.0
1,0,NaN,NaN
8,2,5.1000000000000005,2.0
1,0,NaN,NaN
1,1,16.1,1.0
3,3,12.100000000000001,2.0
1,0,NaN,NaN
1,0,NaN,NaN
1,0,NaN,NaN
1,0,NaN,NaN
1,1,6.1000000000000005,1.0
1,1,5.1000000000000005,1.0
1,0,NaN,NaN
1,1,4.1000000000000005,1.0
1,1,6.1000000000000005,1.0
1,0,NaN,NaN
1,1,10.100000000000001,1.0
1,1,5.1000000000000005,1.0
2,0,NaN,NaN
3,1,8.1,3.0
1,1,5.1000000000000005,1.0
1,1,6.1000000000000005,1.0
2,1,13.100000000000001,2.0
1,0,NaN,NaN
1,0,NaN,NaN
1,0,NaN,NaN
2,1,8.1,2.0
16,12,23.1,5.0
1,1,4.1000000000000005,1.0
10,6,6.1000000000000005,3.0
1,0,NaN,NaN
1,1,6.1000000000000005,1.0
1,1,5.1000000000000005,1.0
1,0,NaN,NaN
1,1,4.1000000000000005,1.0
1,1,7.1000000000000005,1.0
2,1,7.1000000000000005,1.0
1,1,9.1,1.0
1,1,15.100000000000001,1.0
16,15,6.1000000000000005,3.0
1,1,5.1000000000000005,1.0
1,1,6.1000000000000005,1.0
1,1,3.1,1.0
2,1,14.100000000000001,2.0
2,2,6.1000000000000005,2.0
23,19,16.1,6.0
1,1,13.100000000000001,1.0
1,1,7.1000000000000005,1.0
1,0,NaN,NaN
1,1,5.1000000000000005,1.0
1,1,8.1,1.0
6,3,10.100000000000001,5.0
4,1,9.1,4.0
1,0,NaN,NaN
10,6,8.1,6.0
1,0,NaN,NaN
1,1,7.1000000000000005,1.0
1,1,7.1000000000000005,1.0
1,1,6.1000000000000005,1.0
1,0,NaN,NaN
1,0,NaN,NaN
1,1,5.1000000000000005,1.0
12,10,9.1,6.0
1,1,9.1,1.0
4,3,15.100000000000001,4.0
5,2,21.1,5.0
1,1,5.1000000000000005,1.0
1,0,NaN,NaN
1,1,9.1,1.0
4,1,23.1,4.0
1,0,NaN,NaN
1,1,3.1,1.0
1,0,NaN,NaN
1,0,NaN,NaN
1,0,NaN,NaN
1,0,NaN,NaN
1,1,5.1000000000000005,1.0
1,1,15.100000000000001,1.0
1,1,9.1,1.0
1,1,4.1000000000000005,1.0
1,1,6.1000000000000005,1.0
1,1,6.1000000000000005,1.0
1,0,NaN,NaN
1,1,2.1,1.0
1,0,NaN,NaN
1,1,4.1000000000000005,1.0
1,0,NaN,NaN
1,1,5.1000000000000005,1.0
1,1,6.1000000000000005,1.0
2,2,4.1000000000000005,2.0
1,1,3.1,1.0
1,1,4.1000000000000005,1.0
1,0,NaN,NaN
1,0,NaN,NaN
1,1,5.1000000000000005,1.0
1,1,3.1,1.0
1,0,NaN,NaN
1,0,NaN,NaN
1,0,NaN,NaN
1,0,NaN,NaN
1,1,14.100000000000001,1.0
23,22,7.1000000000000005,17.0
1,0,NaN,NaN
1,1,8.1,1.0
1,0,NaN,NaN
1,0,NaN,NaN
1,1,5.1000000000000005,1.0
1,1,7.1000000000000005,1.0
1,1,11.100000000000001,1.0
28,21,6.1000000000000005,4.0
1,0,NaN,NaN
2,1,14.100000000000001,2.0
1,0,NaN,NaN
1,1,4.1000000000000005,1.0
1,1,4.1000000000000005,1.0
2,1,23.1,2.0
1,1,7.1000000000000005,1.0
3,2,3.1,2.0
1,1,7.1000000000000005,1.0
1,0,NaN,NaN
1,1,3.1,1.0
1,1,7.1000000000000005,1.0
4,4,7.1000000000000005,3.0
1,1,6.1000000000000005,1.0
1,1,8.1,1.0
1,0,NaN,NaN
2,1,6.1000000000000005,1.0
1,1,8.1,1.0
1,1,5.1000000000000005,1.0
3,2,4.1000000000000005,3.0
3,1,3.1,2.0
1,1,10.100000000000001,1.0
1,0,NaN,NaN
13,11,10.100000000000001,13.0
1,1,7.1000000000000005,1.0
1,1,6.1000000000000005,1.0
2,2,9.1,2.0
6,4,9.1,5.0
1,0,NaN,NaN
1,1,7.1000000000000005,1.0
1,1,5.1000000000000005,1.0
1,0,NaN,NaN
1,1,4.1000000000000005,1.0
2,1,6.1000000000000005,2.0
3,3,5.1000000000000005,2.0
1,0,NaN,NaN
1,1,7.1000000000000005,1.0
1,1,10.100000000000001,1.0
1,1,14.100000000000001,1.0
1,1,5.1000000000000005,1.0
1,1,5.1000000000000005,1.0
1,1,5.1000000000000005,1.0
4,2,6.1000000000000005,3.0
1,0,NaN,NaN
1,0,NaN,NaN
1,0,NaN,NaN
1,1,15.100000000000001,1.0
1,1,6.1000000000000005,1.0
31,22,7.1000000000000005,4.0
1,0,NaN,NaN
1,1,6.1000000000000005,1.0
10,7,7.1000000000000005,5.0
1,1,2.1,1.0
1,1,6.1000000000000005,1.0
3,3,6.1000000000000005,3.0
12,8,12.100000000000001,9.0
2,2,3.1,2.0
1,0,NaN,NaN
1,1,8.1,1.0
1,1,6.1000000000000005,1.0
1,1,6.1000000000000005,1.0
1,1,7.1000000000000005,1.0
3,0,NaN,NaN
1,0,NaN,NaN
1,1,14.100000000000001,1.0
1,0,NaN,NaN
1,0,NaN,NaN
3,2,8.1,2.0
1,1,8.1,1.0
1,0,NaN,NaN
1,0,NaN,NaN
1,1,7.1000000000000005,1.0
1,1,7.1000000000000005,1.0
1,1,2.1,1.0
1,1,13.100000000000001,1.0
1,1,4.1000000000000005,1.0
1,0,NaN,NaN
1,0,NaN,NaN
5,5,13.100000000000001,2.0
1,0,NaN,NaN
1,1,16.1,1.0
1,1,6.1000000000000005,1.0
1,1,8.1,1.0
1,0,NaN,NaN
1,1,6.1000000000000005,1.0
1,1,5.1000000000000005,1.0
29,22,6.1000000000000005,2.0
1,0,NaN,NaN
1,1,5.1000000000000005,1.0
1,1,7.1000000000000005,1.0
7,4,6.1000000000000005,4.0
1,0,NaN,NaN
1,1,4.1000000000000005,1.0
3,1,16.1,3.0
1,0,NaN,NaN
1,1,13.100000000000001,1.0
1,0,NaN,NaN
1,0,NaN,NaN
1,0,NaN,NaN
1,0,NaN,NaN
1,1,13.100000000000001,1.0
1,0,NaN,NaN
1,1,5.1000000000000005,1.0
2,2,7.1000000000000005,2.0
1,1,7.1000000000000005,1.0
1,0,NaN,NaN
1,1,8.1,1.0
1,1,5.1000000000000005,1.0
1,0,NaN,NaN
1,1,8.1,1.0
1,1,9.1,1.0
1,1,7.1000000000000005,1.0
2,2,6.1000000000000005,2.0
2,1,4.1000000000000005,2.0
1,1,8.1,1.0
1,0,NaN,NaN
1,0,NaN,NaN
12,7,7.1000000000000005,4.0
1,0,NaN,NaN
2,1,14.100000000000001,2.0
4,3,14.100000000000001,3.0
1,0,NaN,NaN
1,1,7.1000000000000005,1.0
1,0,NaN,NaN
1,0,NaN,NaN
1,1,6.1000000000000005,1.0
1,1,7.1000000000000005,1.0
1,0,NaN,NaN
1,0,NaN,NaN
1,1,7.1000000000000005,1.0
1,1,4.1000000000000005,1.0
1,0,NaN,NaN
7,3,14.100000000000001,6.0
1,1,6.1000000000000005,1.0
1,0,NaN,NaN
1,1,8.1,1.0
1,1,3.1,1.0
1,0,NaN,NaN
1,1,7.1000000000000005,1.0
1,0,NaN,NaN
1,0,NaN,NaN
1,1,11.100000000000001,1.0
28,22,7.1000000000000005,20.0
1,0,NaN,NaN
1,0,NaN,NaN
1,0,NaN,NaN
15,8,9.1,7.0
2,2,4.1000000000000005,2.0
2,2,8.1,2.0
1,1,5.1000000000000005,1.0
1,0,NaN,NaN
1,0,NaN,NaN
1,1,10.100000000000001,1.0
1,1,10.100000000000001,1.0
1,0,NaN,NaN
1,1,13.100000000000001,1.0
23,14,6.1000000000000005,2.0
1,0,NaN,NaN
1,1,7.1000000000000005,1.0
1,1,4.1000000000000005,1.0
2,0,NaN,NaN
1,1,5.1000000000000005,1.0
1,0,NaN,NaN
1,1,6.1000000000000005,1.0
1,0,NaN,NaN
6,3,3.1,2.0
1,0,NaN,NaN
1,1,5.1000000000000005,1.0
6,3,15.100000000000001,4.0
1,0,NaN,NaN
1,1,10.100000000000001,1.0
13,12,10.100000000000001,10.0
1,1,2.1,1.0
5,4,9.1,5.0
4,2,14.100000000000001,2.0
6,6,4.1000000000000005,3.0
2,1,9.1,2.0
9,8,7.1000000000000005,7.0
18,15,11.100000000000001,12.0
1,1,7.1000000000000005,1.0
1,1,10.100000000000001,1.0
5,3,8.1,5.0
9,7,20.1,3.0
1,0,NaN,NaN
1,1,5.1000000000000005,1.0
1,1,14.100000000000001,1.0
2,1,3.1,1.0
1,1,7.1000000000000005,1.0
1,1,6.1000000000000005,1.0
1,1,8.1,1.0
1,0,NaN,NaN
1,0,NaN,NaN
1,1,6.1000000000000005,1.0
1,0,NaN,NaN
1,1,7.1000000000000005,1.0
2,0,NaN,NaN
1,1,5.1000000000000005,1.0
1,1,8.1,1.0
14,10,15.100000000000001,12.0
2,2,4.1000000000000005,1.0
1,0,NaN,NaN
2,0,NaN,NaN
3,0,NaN,NaN
1,1,10.100000000000001,1.0
1,0,NaN,NaN
27,23,8.1,24.0
3,1,18.1,3.0
1,1,8.1,1.0
1,0,NaN,NaN
1,0,NaN,NaN
1,1,14.100000000000001,1.0
2,2,7.1000000000000005,2.0
1,1,4.1000000000000005,1.0
5,3,12.100000000000001,5.0
1,1,7.1000000000000005,1.0
1,0,NaN,NaN
1,1,7.1000000000000005,1.0
1,1,9.1,1.0
1,0,NaN,NaN
1,1,6.1000000000000005,1.0
1,1,5.1000000000000005,1.0
1,0,NaN,NaN
1,1,7.1000000000000005,1.0
1,0,NaN,NaN
1,1,3.1,1.0
1,1,9.1,1.0
1,1,10.100000000000001,1.0
1,0,NaN,NaN
1,0,NaN,NaN
1,1,7.1000000000000005,1.0
1,1,6.1000000000000005,1.0
2,0,NaN,NaN
1,1,5.1000000000000005,1.0
1,1,6.1000000000000005,1.0
1,0,NaN,NaN
6,4,13.100000000000001,4.0
1,1,6.1000000000000005,1.0
1,1,5.1000000000000005,1.0
2,2,7.1000000000000005,2.0
1,1,5.1000000000000005,1.0
1,1,10.100000000000001,1.0
1,1,5.1000000000000005,1.0
1,0,NaN,NaN
1,1,8.1,1.0
1,1,8.1,1.0
1,1,6.1000000000000005,1.0
4,3,8.1,2.0
1,1,7.1000000000000005,1.0
1,0,NaN,NaN
1,0,NaN,NaN
12,10,8.1,9.0
1,0,NaN,NaN
1,1,10.100000000000001,1.0
1,0,NaN,NaN
1,1,14.100000000000001,1.0
1,1,7.1000000000000005,1.0
1,0,NaN,NaN
16,16,7.1000000000000005,4.0
1,0,NaN,NaN
1,1,7.1000000000000005,1.0
1,0,NaN,NaN
1,1,7.1000000000000005,1.0
1,1,7.1000000000000005,1.0
1,1,13.100000000000001,1.0
1,1,9.1,1.0
2,2,6.1000000000000005,2.0
1,0,NaN,NaN
1,1,6.1000000000000005,1.0
1,1,8.1,1.0
2,2,3.1,1.0
1,1,4.1000000000000005,1.0
1,0,NaN,NaN
1,0,NaN,NaN
2,1,18.1,2.0
1,0,NaN,NaN
13,6,9.1,6.0
1,0,NaN,NaN
1,0,NaN,NaN
1,1,6.1000000000000005,1.0
1,1,7.1000000000000005,1.0
47,41,8.1,2.0
1,1,5.1000000000000005,1.0
1,0,NaN,NaN
1,0,NaN,NaN
1,0,NaN,NaN
1,0,NaN,NaN
6,5,13.100000000000001,5.0
1,1,4.1000000000000005,1.0
1,1,5.1000000000000005,1.0
1,1,4.1000000000000005,1.0
1,0,NaN,NaN
1,0,NaN,NaN
1,1,4.1000000000000005,1.0
1,1,13.100000000000001,1.0
2,1,5.1000000000000005,2.0
1,1,10.100000000000001,1.0
1,0,NaN,NaN
1,1,10.100000000000001,1.0
2,1,10.100000000000001,2.0
2,1,13.100000000000001,2.0
1,1,8.1,1.0
1,1,4.1000000000000005,1.0
1,1,8.1,1.0
2,2,8.1,2.0
1,1,5.1000000000000005,1.0
1,1,11.100000000000001,1.0
24,13,11.100000000000001,5.0
2,2,6.1000000000000005,1.0
1,0,NaN,NaN
1,1,7.1000000000000005,1.0
1,0,NaN,NaN
2,0,NaN,NaN
8,6,7.1000000000000005,6.0
1,0,NaN,NaN
1,0,NaN,NaN
3,2,5.1000000000000005,2.0
2,2,12.100000000000001,2.0
1,1,7.1000000000000005,1.0
1,0,NaN,NaN
1,0,NaN,NaN
1,1,11.100000000000001,1.0
1,0,NaN,NaN
1,1,5.1000000000000005,1.0
1,1,7.1000000000000005,1.0
1,1,12.100000000000001,1.0
1,1,5.1000000000000005,1.0
1,1,4.1000000000000005,1.0
1,1,4.1000000000000005,1.0
1,0,NaN,NaN
2,1,9.1,2.0
1,1,15.100000000000001,1.0
1,0,NaN,NaN
1,1,7.1000000000000005,1.0
1,1,4.1000000000000005,1.0
6,6,7.1000000000000005,5.0
10,10,8.1,7.0
1,1,8.1,1.0
1,1,5.1000000000000005,1.0
1,0,NaN,NaN
5,4,14.100000000000001,5.0
1,0,NaN,NaN
1,1,8.1,1.0
1,1,7.1000000000000005,1.0
2,2,7.1000000000000005,2.0
1,0,NaN,NaN
1,1,6.1000000000000005,1.0
1,0,NaN,NaN
1,0,NaN,NaN
1,0,NaN,NaN
4,1,13.100000000000001,3.0
1,1,6.1000000000000005,1.0
1,0,NaN,NaN
1,0,NaN,NaN
1,0,NaN,NaN
2,1,4.1000000000000005,1.0
1,0,NaN,NaN
1,0,NaN,NaN
1,0,NaN,NaN
1,0,NaN,NaN
1,0,NaN,NaN
1,1,8.1,1.0
11,10,8.1,9.0
1,1,4.1000000000000005,1.0
1,1,7.1000000000000005,1.0
1,1,5.1000000000000005,1.0
1,1,8.1,1.0
1,1,5.1000000000000005,1.0
1,1,4.1000000000000005,1.0
1,0,NaN,NaN
9,3,10.100000000000001,9.0
1,0,NaN,NaN
1,1,7.1000000000000005,1.0
1,0,NaN,NaN
28,22,7.1000000000000005,8.0
1,0,NaN,NaN
2,1,14.100000000000001,2.0
1,1,15.100000000000001,1.0
1,1,10.100000000000001,1.0
1,1,6.1000000000000005,1.0
1,0,NaN,NaN
1,1,7.1000000000000005,1.0
1,1,9.1,1.0
1,1,14.100000000000001,1.0
1,1,7.1000000000000005,1.0
1,1,6.1000000000000005,1.0
1,0,NaN,NaN
1,1,6.1000000000000005,1.0
1,1,8.1,1.0
1,0,NaN,NaN
2,1,8.1,2.0
1,1,4.1000000000000005,1.0
8,6,10.100000000000001,5.0
1,0,NaN,NaN
1,1,5.1000000000000005,1.0
1,1,11.100000000000001,1.0
3,3,8.1,3.0
1,1,5.1000000000000005,1.0
1,0,NaN,NaN
1,1,10.100000000000001,1.0
2,1,14.100000000000001,2.0
1,0,NaN,NaN
17,10,6.1000000000000005,3.0
4,2,4.1000000000000005,1.0
1,0,NaN,NaN
1,0,NaN,NaN
4,2,7.1000000000000005,4.0
8,6,7.1000000000000005,2.0
5,4,7.1000000000000005,4.0
1,0,NaN,NaN
2,1,10.100000000000001,2.0
1,0,NaN,NaN
1,1,6.1000000000000005,1.0
1,0,NaN,NaN
18,5,7.1000000000000005,2.0
1,1,5.1000000000000005,1.0
11,9,11.100000000000001,7.0
1,1,7.1000000000000005,1.0
1,0,NaN,NaN
10,7,9.1,8.0
1,1,6.1000000000000005,1.0
1,1,11.100000000000001,1.0
1,1,7.1000000000000005,1.0
1,1,6.1000000000000005,1.0
1,1,12.100000000000001,1.0
1,0,NaN,NaN
1,0,NaN,NaN
1,1,9.1,1.0
16,8,9.1,2.0
1,0,NaN,NaN
1,0,NaN,NaN
1,0,NaN,NaN
1,1,7.1000000000000005,1.0
1,0,NaN,NaN
1,1,14.100000000000001,1.0
1,1,7.1000000000000005,1.0
1,0,NaN,NaN
1,0,NaN,NaN
1,1,9.1,1.0
1,0,NaN,NaN
1,0,NaN,NaN
1,0,NaN,NaN
18,7,11.100000000000001,6.0
8,7,10.100000000000001,3.0
2,2,5.1000000000000005,2.0
1,1,5.1000000000000005,1.0
2,1,10.100000000000001,2.0
1,1,6.1000000000000005,1.0
1,1,7.1000000000000005,1.0
1,1,7.1000000000000005,1.0
1,0,NaN,NaN
1,0,NaN,NaN
1,1,6.1000000000000005,1.0
3,2,7.1000000000000005,3.0
1,1,15.100000000000001,1.0
1,1,5.1000000000000005,1.0
1,0,NaN,NaN
1,1,9.1,1.0
1,0,NaN,NaN
1,0,NaN,NaN
18,18,7.1000000000000005,9.0
1,1,5.1000000000000005,1.0
1,1,8.1,1.0
1,0,NaN,NaN
2,2,11.100000000000001,2.0
1,0,NaN,NaN
5,3,5.1000000000000005,4.0
1,1,6.1000000000000005,1.0
1,0,NaN,NaN
1,0,NaN,NaN
1,1,5.1000000000000005,1.0
1,0,NaN,NaN
1,0,NaN,NaN
1,1,7.1000000000000005,1.0
1,1,4.1000000000000005,1.0
7,5,9.1,5.0
1,1,6.1000000000000005,1.0
7,4,7.1000000000000005,2.0
33,25,7.1000000000000005,14.0
1,0,NaN,NaN
1,0,NaN,NaN
1,0,NaN,NaN
2,2,4.1000000000000005,1.0
1,1,5.1000000000000005,1.0
1,1,4.1000000000000005,1.0
1,1,6.1000000000000005,1.0
1,1,14.100000000000001,1.0
3,1,13.100000000000001,3.0
24,19,8.1,4.0
1,1,6.1000000000000005,1.0
1,1,7.1000000000000005,1.0
1,0,NaN,NaN
1,0,NaN,NaN
1,1,12.100000000000001,1.0
1,0,NaN,NaN
1,0,NaN,NaN
1,0,NaN,NaN
4,1,10.100000000000001,4.0
5,2,14.100000000000001,4.0
1,1,7.1000000000000005,1.0
1,0,NaN,NaN
1,0,NaN,NaN
1,1,4.1000000000000005,1.0
1,1,3.1,1.0
1,1,8.1,1.0
1,1,5.1000000000000005,1.0
1,0,NaN,NaN
1,1,4.1000000000000005,1.0
1,1,8.1,1.0
1,1,6.1000000000000005,1.0
1,1,7.1000000000000005,1.0
6,5,4.1000000000000005,6.0
2,1,7.1000000000000005,1.0
1,1,4.1000000000000005,1.0
1,1,4.1000000000000005,1.0
1,1,7.1000000000000005,1.0
1,1,7.1000000000000005,1.0
1,1,11.100000000000001,1.0
1,0,NaN,NaN
5,5,9.1,2.0
1,1,8.1,1.0
2,1,6.1000000000000005,1.0
1,0,NaN,NaN
1,1,5.1000000000000005,1.0
1,0,NaN,NaN
3,1,5.1000000000000005,3.0
1,0,NaN,NaN
1,0,NaN,NaN
1,1,7.1000000000000005,1.0
1,1,8.1,1.0
1,1,6.1000000000000005,1.0
1,1,4.1000000000000005,1.0
1,1,7.1000000000000005,1.0
1,0,NaN,NaN
26,19,10.100000000000001,4.0
1,1,10.100000000000001,1.0
4,4,8.1,4.0
1,1,9.1,1.0
6,6,7.1000000000000005,3.0
1,1,5.1000000000000005,1.0
1,1,8.1,1.0
1,1,5.1000000000000005,1.0
1,1,5.1000000000000005,1.0
3,1,8.1,2.0
1,0,NaN,NaN
8,2,12.100000000000001,6.0
1,0,NaN,NaN
13,6,7.1000000000000005,10.0
1,0,NaN,NaN
1,0,NaN,NaN
1,0,NaN,NaN
3,0,NaN,NaN
1,0,NaN,NaN
1,0,NaN,NaN
2,1,3.1,1.0
1,0,NaN,NaN
1,1,7.1000000000000005,1.0
1,1,7.1000000000000005,1.0
1,0,NaN,NaN
1,0,NaN,NaN
3,2,16.1,3.0
8,3,11.100000000000001,6.0
1,1,8.1,1.0
1,1,7.1000000000000005,1.0
1,0,NaN,NaN
1,1,23.1,1.0
1,0,NaN,NaN
1,1,8.1,1.0
1,1,8.1,1.0
1,1,7.1000000000000005,1.0
2,1,14.100000000000001,2.0
1,1,8.1,1.0
1,1,6.1000000000000005,1.0
2,0,NaN,NaN
1,0,NaN,NaN
1,0,NaN,NaN
1,1,7.1000000000000005,1.0
1,0,NaN,NaN
1,1,10.100000000000001,1.0
5,2,12.100000000000001,5.0
3,1,11.100000000000001,3.0
1,1,12.100000000000001,1.0
1,1,4.1000000000000005,1.0
12,12,6.1000000000000005,5.0
1,1,5.1000000000000005,1.0
1,1,14.100000000000001,1.0
1,0,NaN,NaN
1,1,13.100000000000001,1.0
26,22,14.100000000000001,13.0
2,2,7.1000000000000005,2.0
7,4,9.1,4.0
1,0,NaN,NaN
1,1,4.1000000000000005,1.0
1,1,6.1000000000000005,1.0
3,2,3.1,1.0
1,0,NaN,NaN
1,1,6.1000000000000005,1.0
1,0,NaN,NaN
1,0,NaN,NaN
1,0,NaN,NaN
1,1,4.1000000000000005,1.0
1,0,NaN,NaN
1,1,8.1,1.0
1,1,8.1,1.0
1,0,NaN,NaN
1,0,NaN,NaN
1,0,NaN,NaN
1,1,8.1,1.0
1,1,8.1,1.0
1,1,3.1,1.0
2,1,13.100000000000001,2.0
1,0,NaN,NaN
1,1,8.1,1.0
1,1,9.1,1.0
1,1,9.1,1.0
1,0,NaN,NaN
1,0,NaN,NaN
1,1,5.1000000000000005,1.0
1,1,5.1000000000000005,1.0
2,1,4.1000000000000005,2.0
1,1,8.1,1.0
9,4,25.1,8.0
1,0,NaN,NaN
1,0,NaN,NaN
1,1,13.100000000000001,1.0
1,1,11.100000000000001,1.0
1,1,12.100000000000001,1.0
1,1,7.1000000000000005,1.0
1,1,5.1000000000000005,1.0
1,1,6.1000000000000005,1.0
1,1,8.1,1.0
2,0,NaN,NaN
2,0,NaN,NaN
1,1,7.1000000000000005,1.0
1,0,NaN,NaN
1,1,9.1,1.0
1,1,14.100000000000001,1.0
1,1,6.1000000000000005,1.0
1,0,NaN,NaN
1,0,NaN,NaN
1,1,7.1000000000000005,1.0
1,1,6.1000000000000005,1.0
1,1,8.1,1.0
1,1,5.1000000000000005,1.0
1,0,NaN,NaN
1,1,4.1000000000000005,1.0
1,1,6.1000000000000005,1.0
1,1,7.1000000000000005,1.0
2,1,16.1,2.0
1,0,NaN,NaN
1,0,NaN,NaN
1,1,7.1000000000000005,1.0
1,1,14.100000000000001,1.0
14,11,6.1000000000000005,4.0
1,0,NaN,NaN
1,1,4.1000000000000005,1.0
1,1,6.1000000000000005,1.0
1,0,NaN,NaN
1,0,NaN,NaN
1,0,NaN,NaN
1,0,NaN,NaN
1,0,NaN,NaN
1,1,7.1000000000000005,1.0
1,1,8.1,1.0
4,2,15.100000000000001,4.0
1,1,9.1,1.0
1,1,5.1000000000000005,1.0
1,0,NaN,NaN
1,0,NaN,NaN
1,1,8.1,1.0
3,2,6.1000000000000005,1.0
1,0,NaN,NaN
1,0,NaN,NaN
1,1,7.1000000000000005,1.0
1,1,8.1,1.0
1,1,7.1000000000000005,1.0
1,1,4.1000000000000005,1.0
1,0,NaN,NaN
1,0,NaN,NaN
1,0,NaN,NaN
1,0,NaN,NaN
1,1,5.1000000000000005,1.0
1,0,NaN,NaN
1,0,NaN,NaN
1,0,NaN,NaN
27,20,6.1000000000000005,3.0
1,1,7.1000000000000005,1.0
1,1,7.1000000000000005,1.0
19,17,8.1,4.0
1,1,4.1000000000000005,1.0
1,0,NaN,NaN
1,1,5.1000000000000005,1.0
15,9,6.1000000000000005,7.0
1,1,7.1000000000000005,1.0
1,0,NaN,NaN
1,0,NaN,NaN
1,0,NaN,NaN
1,1,8.1,1.0
12,10,5.1000000000000005,7.0
1,0,NaN,NaN
1,1,7.1000000000000005,1.0
1,1,13.100000000000001,1.0
1,1,6.1000000000000005,1.0
1,1,7.1000000000000005,1.0
1,1,4.1000000000000005,1.0
11,7,13.100000000000001,10.0
1,1,7.1000000000000005,1.0
1,1,5.1000000000000005,1.0
1,0,NaN,NaN
1,0,NaN,NaN
1,0,NaN,NaN
2,0,NaN,NaN
1,0,NaN,NaN
1,1,7.1000000000000005,1.0
1,1,6.1000000000000005,1.0
1,0,NaN,NaN
1,0,NaN,NaN
1,0,NaN,NaN
2,0,NaN,NaN
2,1,5.1000000000000005,1.0
1,1,7.1000000000000005,1.0
7,3,14.100000000000001,6.0
3,2,17.1,3.0
1,1,11.100000000000001,1.0
1,1,8.1,1.0
1,0,NaN,NaN
1,1,9.1,1.0
1,0,NaN,NaN
10,8,14.100000000000001,5.0
4,2,7.1000000000000005,3.0
1,0,NaN,NaN
9,3,13.100000000000001,9.0
1,1,20.1,1.0
1,1,13.100000000000001,1.0
1,1,6.1000000000000005,1.0
1,1,5.1000000000000005,1.0
1,1,9.1,1.0
1,1,4.1000000000000005,1.0
1,0,NaN,NaN
1,0,NaN,NaN
1,0,NaN,NaN
2,1,13.100000000000001,2.0
2,2,7.1000000000000005,2.0
12,9,7.1000000000000005,7.0
1,1,8.1,1.0
1,1,7.1000000000000005,1.0
1,1,9.1,1.0
5,2,10.100000000000001,5.0
1,1,6.1000000000000005,1.0
1,0,NaN,NaN
4,4,6.1000000000000005,3.0
1,1,14.100000000000001,1.0
1,1,5.1000000000000005,1.0
2,1,11.100000000000001,2.0
1,1,4.1000000000000005,1.0
1,0,NaN,NaN
1,1,8.1,1.0
1,1,7.1000000000000005,1.0
2,2,11.100000000000001,2.0
1,1,7.1000000000000005,1.0
1,1,6.1000000000000005,1.0
1,0,NaN,NaN
1,0,NaN,NaN
1,1,8.1,1.0
1,0,NaN,NaN
1,1,7.1000000000000005,1.0
2,2,6.1000000000000005,1.0
1,1,4.1000000000000005,1.0
4,3,18.1,4.0
1,0,NaN,NaN
4,0,NaN,NaN
1,1,6.1000000000000005,1.0
1,1,8.1,1.0
1,0,NaN,NaN
1,0,NaN,NaN
1,1,5.1000000000000005,1.0
1,1,4.1000000000000005,1.0
6,3,11.100000000000001,5.0
1,0,NaN,NaN
1,0,NaN,NaN
1,1,7.1000000000000005,1.0
1,0,NaN,NaN
2,2,6.1000000000000005,2.0
1,0,NaN,NaN
2,1,6.1000000000000005,2.0
1,1,4.1000000000000005,1.0
33,30,8.1,17.0
1,0,NaN,NaN
1,0,NaN,NaN
1,0,NaN,NaN
1,1,9.1,1.0
1,0,NaN,NaN
1,0,NaN,NaN
1,1,4.1000000000000005,1.0
1,1,5.1000000000000005,1.0
1,0,NaN,NaN
1,1,6.1000000000000005,1.0
2,2,9.1,2.0
1,0,NaN,NaN
1,0,NaN,NaN
7,4,8.1,3.0
6,3,8.1,6.0
16,14,7.1000000000000005,6.0
45,27,7.1000000000000005,8.0
21,19,8.1,5.0
1,1,6.1000000000000005,1.0
1,1,6.1000000000000005,1.0
1,0,NaN,NaN
1,1,10.100000000000001,1.0
1,1,8.1,1.0
1,1,8.1,1.0
3,2,8.1,3.0
7,3,7.1000000000000005,6.0
5,4,10.100000000000001,2.0
1,1,5.1000000000000005,1.0
1,0,NaN,NaN
1,1,13.100000000000001,1.0
2,2,6.1000000000000005,2.0
1,1,10.100000000000001,1.0
1,1,4.1000000000000005,1.0
2,1,14.100000000000001,2.0
1,0,NaN,NaN
1,0,NaN,NaN
1,1,14.100000000000001,1.0
1,0,NaN,NaN
1,1,11.100000000000001,1.0
1,0,NaN,NaN
10,8,13.100000000000001,7.0
1,1,5.1000000000000005,1.0
1,1,7.1000000000000005,1.0
1,1,14.100000000000001,1.0
1,1,7.1000000000000005,1.0
1,1,7.1000000000000005,1.0
1,1,8.1,1.0
4,1,15.100000000000001,4.0
1,0,NaN,NaN
2,2,9.1,2.0
1,1,9.1,1.0
1,0,NaN,NaN
1,1,13.100000000000001,1.0
4,1,34.1,4.0
1,0,NaN,NaN
1,1,7.1000000000000005,1.0
1,0,NaN,NaN
1,0,NaN,NaN
6,2,6.1000000000000005,3.0
8,6,6.1000000000000005,2.0
1,1,7.1000000000000005,1.0
1,0,NaN,NaN
1,0,NaN,NaN
1,1,8.1,1.0
1,0,NaN,NaN
1,1,9.1,1.0
1,1,6.1000000000000005,1.0
1,1,13.100000000000001,1.0
1,0,NaN,NaN
28,27,8.1,7.0
1,1,7.1000000000000005,1.0
2,2,4.1000000000000005,1.0
1,0,NaN,NaN
1,1,7.1000000000000005,1.0
1,1,8.1,1.0
27,25,8.1,8.0
1,0,NaN,NaN
1,1,5.1000000000000005,1.0
1,0,NaN,NaN
1,0,NaN,NaN
1,1,7.1000000000000005,1.0
1,0,NaN,NaN
1,0,NaN,NaN
1,1,3.1,1.0
1,1,6.1000000000000005,1.0
1,1,3.1,1.0
1,1,14.100000000000001,1.0
1,0,NaN,NaN
1,1,5.1000000000000005,1.0
1,1,7.1000000000000005,1.0
3,1,6.1000000000000005,3.0
1,0,NaN,NaN
1,1,6.1000000000000005,1.0
1,1,7.1000000000000005,1.0
1,1,7.1000000000000005,1.0
1,0,NaN,NaN
8,5,12.100000000000001,3.0
1,1,11.100000000000001,1.0
1,1,7.1000000000000005,1.0
2,2,8.1,2.0
1,0,NaN,NaN
1,1,7.1000000000000005,1.0
1,1,3.1,1.0
1,1,6.1000000000000005,1.0
1,1,8.1,1.0
2,1,17.1,2.0
1,1,5.1000000000000005,1.0
1,0,NaN,NaN
1,0,NaN,NaN
2,1,8.1,2.0
1,1,6.1000000000000005,1.0
1,1,4.1000000000000005,1.0
1,1,5.1000000000000005,1.0
16,13,7.1000000000000005,10.0
1,0,NaN,NaN
1,1,7.1000000000000005,1.0
1,0,NaN,NaN
1,1,10.100000000000001,1.0
26,10,13.100000000000001,6.0
1,1,5.1000000000000005,1.0
1,0,NaN,NaN
1,0,NaN,NaN
1,0,NaN,NaN
1,1,7.1000000000000005,1.0
1,0,NaN,NaN
4,2,8.1,4.0
1,0,NaN,NaN
1,1,8.1,1.0
1,1,5.1000000000000005,1.0
1,0,NaN,NaN
1,0,NaN,NaN
1,1,8.1,1.0
4,4,7.1000000000000005,1.0
1,1,7.1000000000000005,1.0
1,1,6.1000000000000005,1.0
1,1,6.1000000000000005,1.0
1,1,8.1,1.0
1,1,5.1000000000000005,1.0
1,0,NaN,NaN
1,0,NaN,NaN
1,1,11.100000000000001,1.0
1,1,5.1000000000000005,1.0
1,0,NaN,NaN
1,1,6.1000000000000005,1.0
1,1,4.1000000000000005,1.0
1,1,9.1,1.0
1,0,NaN,NaN
1,1,7.1000000000000005,1.0
1,1,8.1,1.0
1,1,4.1000000000000005,1.0
1,1,7.1000000000000005,1.0
1,1,3.1,1.0
1,0,NaN,NaN
6,1,9.1,5.0
4,1,15.100000000000001,3.0
1,1,7.1000000000000005,1.0
1,1,5.1000000000000005,1.0
1,1,6.1000000000000005,1.0
1,1,6.1000000000000005,1.0
1,1,6.1000000000000005,1.0
12,11,6.1000000000000005,2.0
1,1,5.1000000000000005,1.0
1,1,3.1,1.0
1,1,6.1000000000000005,1.0
1,0,NaN,NaN
1,0,NaN,NaN
3,1,8.1,3.0
2,0,NaN,NaN
1,1,3.1,1.0
1,1,7.1000000000000005,1.0
2,0,NaN,NaN
1,1,4.1000000000000005,1.0
1,1,7.1000000000000005,1.0
1,0,NaN,NaN
1,1,20.1,1.0
1,0,NaN,NaN
3,2,18.1,3.0
1,1,3.1,1.0
6,6,14.100000000000001,5.0
1,1,7.1000000000000005,1.0
12,5,8.1,5.0
1,1,5.1000000000000005,1.0
1,1,5.1000000000000005,1.0
1,1,8.1,1.0
1,1,10.100000000000001,1.0
36,23,12.100000000000001,6.0
1,1,6.1000000000000005,1.0
1,0,NaN,NaN
1,1,8.1,1.0
1,1,5.1000000000000005,1.0
1,1,5.1000000000000005,1.0
4,2,14.100000000000001,4.0
2,1,29.1,2.0
1,1,6.1000000000000005,1.0
1,1,4.1000000000000005,1.0
1,1,8.1,1.0
6,2,12.100000000000001,5.0
1,1,6.1000000000000005,1.0
1,1,15.100000000000001,1.0
3,1,7.1000000000000005,2.0
3,1,4.1000000000000005,1.0
1,1,7.1000000000000005,1.0
1,1,3.1,1.0
1,0,NaN,NaN
1,0,NaN,NaN
2,0,NaN,NaN
1,1,8.1,1.0
1,1,9.1,1.0
1,0,NaN,NaN
5,3,14.100000000000001,5.0
5,5,7.1000000000000005,5.0
5,1,21.1,5.0
1,1,7.1000000000000005,1.0
3,2,9.1,3.0
1,1,4.1000000000000005,1.0
1,1,6.1000000000000005,1.0
1,0,NaN,NaN
1,0,NaN,NaN
1,1,9.1,1.0
1,0,NaN,NaN
1,1,20.1,1.0
1,1,4.1000000000000005,1.0
1,1,4.1000000000000005,1.0
1,0,NaN,NaN
1,0,NaN,NaN
1,1,13.100000000000001,1.0
2,1,9.1,2.0
1,1,5.1000000000000005,1.0
2,1,24.1,2.0
2,0,NaN,NaN
1,1,4.1000000000000005,1.0
3,2,11.100000000000001,3.0
1,0,NaN,NaN
1,1,12.100000000000001,1.0
1,0,NaN,NaN
1,1,3.1,1.0
4,4,9.1,3.0
1,0,NaN,NaN
1,1,7.1000000000000005,1.0
1,0,NaN,NaN
1,0,NaN,NaN
1,1,6.1000000000000005,1.0
1,1,8.1,1.0
1,0,NaN,NaN
7,3,9.1,6.0
1,1,9.1,1.0
9,7,10.100000000000001,7.0
1,1,6.1000000000000005,1.0
1,0,NaN,NaN
1,1,6.1000000000000005,1.0
1,0,NaN,NaN
1,1,4.1000000000000005,1.0
3,2,12.100000000000001,3.0
1,0,NaN,NaN
1,1,8.1,1.0
1,0,NaN,NaN
1,1,10.100000000000001,1.0
3,3,8.1,3.0
1,0,NaN,NaN
19,9,3.1,1.0
4,1,8.1,1.0
1,1,6.1000000000000005,1.0
1,0,NaN,NaN
1,0,NaN,NaN
1,1,4.1000000000000005,1.0
1,0,NaN,NaN
1,1,4.1000000000000005,1.0
1,0,NaN,NaN
1,1,14.100000000000001,1.0
1,1,6.1000000000000005,1.0
1,1,9.1,1.0
2,1,16.1,2.0
1,0,NaN,NaN
1,0,NaN,NaN
1,0,NaN,NaN
1,1,6.1000000000000005,1.0
1,1,8.1,1.0
1,0,NaN,NaN
1,1,4.1000000000000005,1.0
2,1,7.1000000000000005,2.0
2,1,8.1,2.0
1,0,NaN,NaN
1,0,NaN,NaN
1,1,13.100000000000001,1.0
1,0,NaN,NaN
1,1,6.1000000000000005,1.0
1,1,5.1000000000000005,1.0
1,1,5.1000000000000005,1.0
1,1,7.1000000000000005,1.0
1,0,NaN,NaN
1,0,NaN,NaN
1,1,7.1000000000000005,1.0
1,0,NaN,NaN
1,0,NaN,NaN
2,2,7.1000000000000005,1.0
1,1,5.1000000000000005,1.0
8,7,6.1000000000000005,2.0
1,0,NaN,NaN
1,0,NaN,NaN
1,0,NaN,NaN
1,1,8.1,1.0
2,1,10.100000000000001,2.0
1,1,6.1000000000000005,1.0
1,0,NaN,NaN
1,0,NaN,NaN
1,1,6.1000000000000005,1.0
1,1,5.1000000000000005,1.0
4,1,22.1,4.0
1,1,4.1000000000000005,1.0
3,0,NaN,NaN
1,0,NaN,NaN
1,1,7.1000000000000005,1.0
1,1,2.1,1.0
1,1,7.1000000000000005,1.0
1,0,NaN,NaN
1,1,8.1,1.0
1,1,7.1000000000000005,1.0
1,1,8.1,1.0
1,0,NaN,NaN
1,0,NaN,NaN
1,0,NaN,NaN
1,0,NaN,NaN
1,1,6.1000000000000005,1.0
1,1,7.1000000000000005,1.0
1,1,6.1000000000000005,1.0
1,0,NaN,NaN
2,2,14.100000000000001,2.0
1,1,13.100000000000001,1.0
1,0,NaN,NaN
1,0,NaN,NaN
1,0,NaN,NaN
1,1,7.1000000000000005,1.0
1,0,NaN,NaN
1,0,NaN,NaN
1,0,NaN,NaN
1,0,NaN,NaN
3,2,6.1000000000000005,3.0
11,7,6.1000000000000005,1.0
1,1,13.100000000000001,1.0
1,0,NaN,NaN
1,1,5.1000000000000005,1.0
1,0,NaN,NaN
1,0,NaN,NaN
1,0,NaN,NaN
1,0,NaN,NaN
1,1,7.1000000000000005,1.0
1,0,NaN,NaN
1,0,NaN,NaN
2,1,14.100000000000001,2.0
7,4,13.100000000000001,7.0
1,0,NaN,NaN
1,0,NaN,NaN
6,3,8.1,3.0
1,1,15.100000000000001,1.0
1,1,7.1000000000000005,1.0
1,1,7.1000000000000005,1.0
1,0,NaN,NaN
1,1,5.1000000000000005,1.0
1,0,NaN,NaN
1,0,NaN,NaN
7,2,9.1,7.0
1,1,8.1,1.0
3,2,9.1,2.0
1,1,7.1000000000000005,1.0
1,0,NaN,NaN
1,1,4.1000000000000005,1.0
1,0,NaN,NaN
1,0,NaN,NaN
8,5,8.1,4.0
1,0,NaN,NaN
1,1,4.1000000000000005,1.0
1,0,NaN,NaN
1,0,NaN,NaN
1,0,NaN,NaN
1,1,7.1000000000000005,1.0
1,1,6.1000000000000005,1.0
1,1,8.1,1.0
4,1,7.1000000000000005,2.0
1,1,5.1000000000000005,1.0
1,0,NaN,NaN
1,0,NaN,NaN
1,1,7.1000000000000005,1.0
1,1,6.1000000000000005,1.0
1,1,7.1000000000000005,1.0
1,1,3.1,1.0
3,1,11.100000000000001,3.0
1,1,6.1000000000000005,1.0
1,0,NaN,NaN
22,17,7.1000000000000005,6.0
1,1,7.1000000000000005,1.0
1,0,NaN,NaN
1,0,NaN,NaN
1,1,6.1000000000000005,1.0
1,1,13.100000000000001,1.0
1,1,12.100000000000001,1.0
1,1,7.1000000000000005,1.0
1,0,NaN,NaN
1,1,7.1000000000000005,1.0
1,1,5.1000000000000005,1.0
1,1,7.1000000000000005,1.0
1,1,8.1,1.0
1,0,NaN,NaN
1,0,NaN,NaN
1,1,6.1000000000000005,1.0
1,0,NaN,NaN
1,0,NaN,NaN
37,26,7.1000000000000005,11.0
1,0,NaN,NaN
1,1,3.1,1.0
7,3,11.100000000000001,6.0
1,1,5.1000000000000005,1.0
1,0,NaN,NaN
1,0,NaN,NaN
1,0,NaN,NaN
1,1,5.1000000000000005,1.0
1,0,NaN,NaN
5,1,16.1,5.0
1,1,6.1000000000000005,1.0
1,1,13.100000000000001,1.0
1,1,8.1,1.0
1,1,5.1000000000000005,1.0
2,1,6.1000000000000005,1.0
1,0,NaN,NaN
1,0,NaN,NaN
1,1,5.1000000000000005,1.0
1,0,NaN,NaN
1,1,8.1,1.0
3,0,NaN,NaN
1,0,NaN,NaN
2,1,6.1000000000000005,1.0
1,0,NaN,NaN
1,1,7.1000000000000005,1.0
1,1,7.1000000000000005,1.0
8,7,12.100000000000001,1.0
1,1,12.100000000000001,1.0
1,0,NaN,NaN
1,1,5.1000000000000005,1.0
1,0,NaN,NaN
1,0,NaN,NaN
1,0,NaN,NaN
1,1,7.1000000000000005,1.0
1,0,NaN,NaN
1,1,6.1000000000000005,1.0
1,0,NaN,NaN
1,1,7.1000000000000005,1.0
7,4,6.1000000000000005,5.0
1,1,3.1,1.0
1,1,6.1000000000000005,1.0
2,0,NaN,NaN
3,3,7.1000000000000005,2.0
1,0,NaN,NaN
1,0,NaN,NaN
1,1,5.1000000000000005,1.0
1,0,NaN,NaN
1,1,10.100000000000001,1.0
1,1,7.1000000000000005,1.0
1,0,NaN,NaN
1,1,4.1000000000000005,1.0
1,1,5.1000000000000005,1.0
1,1,6.1000000000000005,1.0
1,0,NaN,NaN
3,3,8.1,3.0
1,1,6.1000000000000005,1.0
2,0,NaN,NaN
2,0,NaN,NaN
1,0,NaN,NaN
1,0,NaN,NaN
1,1,3.1,1.0
1,1,10.100000000000001,1.0
1,1,8.1,1.0
2,1,3.1,1.0
1,1,4.1000000000000005,1.0
2,2,4.1000000000000005,2.0
1,1,6.1000000000000005,1.0
1,0,NaN,NaN
2,1,13.100000000000001,2.0
1,1,12.100000000000001,1.0
1,0,NaN,NaN
1,1,7.1000000000000005,1.0
1,1,5.1000000000000005,1.0
1,0,NaN,NaN
1,0,NaN,NaN
1,1,5.1000000000000005,1.0
1,0,NaN,NaN
1,1,11.100000000000001,1.0
1,1,4.1000000000000005,1.0
1,1,6.1000000000000005,1.0
27,25,8.1,13.0
1,1,3.1,1.0
1,1,7.1000000000000005,1.0
5,2,6.1000000000000005,4.0
1,1,6.1000000000000005,1.0
1,1,4.1000000000000005,1.0
1,1,8.1,1.0
1,0,NaN,NaN
10,4,6.1000000000000005,8.0
1,1,10.100000000000001,1.0
11,11,5.1000000000000005,8.0
1,0,NaN,NaN
1,0,NaN,NaN
1,1,13.100000000000001,1.0
1,1,7.1000000000000005,1.0
1,0,NaN,NaN
1,0,NaN,NaN
5,3,7.1000000000000005,5.0
3,2,11.100000000000001,3.0
7,5,5.1000000000000005,5.0
2,2,8.1,2.0
1,1,6.1000000000000005,1.0
1,1,7.1000000000000005,1.0
1,0,NaN,NaN
1,0,NaN,NaN
1,1,10.100000000000001,1.0
1,1,14.100000000000001,1.0
3,1,6.1000000000000005,3.0
1,0,NaN,NaN
1,0,NaN,NaN
1,1,10.100000000000001,1.0
1,1,4.1000000000000005,1.0
1,1,4.1000000000000005,1.0
35,32,8.1,15.0
1,0,NaN,NaN
1,1,12.100000000000001,1.0
1,0,NaN,NaN
1,0,NaN,NaN
1,1,21.1,1.0
26,23,12.100000000000001,7.0
16,16,7.1000000000000005,4.0
1,1,13.100000000000001,1.0
1,0,NaN,NaN
1,1,9.1,1.0
1,1,6.1000000000000005,1.0
1,1,6.1000000000000005,1.0
1,1,4.1000000000000005,1.0
1,0,NaN,NaN
2,2,10.100000000000001,2.0
1,0,NaN,NaN
1,0,NaN,NaN
17,9,13.100000000000001,11.0
1,1,5.1000000000000005,1.0
1,0,NaN,NaN
1,1,16.1,1.0
1,0,NaN,NaN
10,6,16.1,10.0
1,0,NaN,NaN
1,1,5.1000000000000005,1.0
1,1,10.100000000000001,1.0
1,0,NaN,NaN
1,1,5.1000000000000005,1.0
1,0,NaN,NaN
1,1,3.1,1.0
1,0,NaN,NaN
1,0,NaN,NaN
1,1,11.100000000000001,1.0
1,1,5.1000000000000005,1.0
1,0,NaN,NaN
1,0,NaN,NaN
5,2,15.100000000000001,5.0
1,1,6.1000000000000005,1.0
1,1,7.1000000000000005,1.0
1,1,10.100000000000001,1.0
1,0,NaN,NaN
1,0,NaN,NaN
1,1,3.1,1.0
1,1,7.1000000000000005,1.0
1,0,NaN,NaN
1,1,9.1,1.0
3,0,NaN,NaN
1,1,15.100000000000001,1.0
1,1,3.1,1.0
1,0,NaN,NaN
24,21,9.1,14.0
1,1,9.1,1.0
1,1,4.1000000000000005,1.0
1,1,14.100000000000001,1.0
1,1,8.1,1.0
1,0,NaN,NaN
1,0,NaN,NaN
1,1,6.1000000000000005,1.0
35,27,10.100000000000001,19.0
2,0,NaN,NaN
1,1,8.1,1.0
1,1,12.100000000000001,1.0
1,0,NaN,NaN
13,12,4.1000000000000005,5.0
1,0,NaN,NaN
1,1,5.1000000000000005,1.0
1,0,NaN,NaN
1,0,NaN,NaN
1,1,14.100000000000001,1.0
4,2,7.1000000000000005,4.0
1,0,NaN,NaN
3,3,6.1000000000000005,3.0
1,1,9.1,1.0
1,0,NaN,NaN
2,0,NaN,NaN
1,1,4.1000000000000005,1.0
13,5,5.1000000000000005,2.0
1,0,NaN,NaN
1,1,6.1000000000000005,1.0
1,0,NaN,NaN
33,28,7.1000000000000005,13.0
1,1,12.100000000000001,1.0
1,1,4.1000000000000005,1.0
1,1,5.1000000000000005,1.0
5,3,7.1000000000000005,3.0
1,1,3.1,1.0
4,4,11.100000000000001,2.0
1,0,NaN,NaN
2,1,13.100000000000001,2.0
1,0,NaN,NaN
1,1,6.1000000000000005,1.0
1,0,NaN,NaN
2,1,13.100000000000001,2.0
7,4,7.1000000000000005,4.0
1,0,NaN,NaN
2,1,10.100000000000001,2.0
2,1,21.1,2.0
1,1,7.1000000000000005,1.0
1,1,15.100000000000001,1.0
14,12,7.1000000000000005,2.0
2,1,9.1,2.0
1,0,NaN,NaN
1,0,NaN,NaN
1,1,6.1000000000000005,1.0
1,0,NaN,NaN
3,1,29.1,3.0
1,0,NaN,NaN
1,1,6.1000000000000005,1.0
16,10,2.1,3.0
1,0,NaN,NaN
1,1,14.100000000000001,1.0
1,1,9.1,1.0
3,1,5.1000000000000005,3.0
1,1,3.1,1.0
1,0,NaN,NaN
1,1,5.1000000000000005,1.0
1,0,NaN,NaN
1,0,NaN,NaN
1,0,NaN,NaN
1,0,NaN,NaN
8,8,7.1000000000000005,7.0
1,0,NaN,NaN
1,0,NaN,NaN
4,2,6.1000000000000005,4.0
1,1,9.1,1.0
1,1,4.1000000000000005,1.0
1,1,8.1,1.0
3,2,6.1000000000000005,3.0
2,2,5.1000000000000005,2.0
13,7,13.100000000000001,6.0
1,1,8.1,1.0
1,1,8.1,1.0
2,1,6.1000000000000005,2.0
1,1,14.100000000000001,1.0
1,0,NaN,NaN
1,0,NaN,NaN
10,7,10.100000000000001,5.0
1,1,5.1000000000000005,1.0
20,16,12.100000000000001,6.0
2,0,NaN,NaN
1,0,NaN,NaN
1,1,4.1000000000000005,1.0
1,0,NaN,NaN
1,0,NaN,NaN
1,1,7.1000000000000005,1.0
1,1,5.1000000000000005,1.0
1,0,NaN,NaN
1,0,NaN,NaN
1,1,4.1000000000000005,1.0
1,1,3.1,1.0
1,1,7.1000000000000005,1.0
16,7,9.1,2.0
1,0,NaN,NaN
1,1,6.1000000000000005,1.0
1,1,7.1000000000000005,1.0
1,0,NaN,NaN
10,2,6.1000000000000005,2.0
1,1,7.1000000000000005,1.0
6,2,8.1,5.0
1,0,NaN,NaN
1,0,NaN,NaN
3,0,NaN,NaN
1,0,NaN,NaN
2,1,18.1,2.0
1,1,5.1000000000000005,1.0
1,0,NaN,NaN
6,3,3.1,1.0
7,4,5.1000000000000005,6.0
2,2,3.1,2.0
1,1,10.100000000000001,1.0
1,1,6.1000000000000005,1.0
1,1,4.1000000000000005,1.0
1,1,3.1,1.0
1,1,8.1,1.0
1,0,NaN,NaN
1,1,7.1000000000000005,1.0
1,0,NaN,NaN
1,1,5.1000000000000005,1.0
1,1,5.1000000000000005,1.0
1,0,NaN,NaN
1,1,5.1000000000000005,1.0
1,1,10.100000000000001,1.0
1,0,NaN,NaN
6,4,17.1,2.0
1,0,NaN,NaN
2,2,7.1000000000000005,1.0
1,0,NaN,NaN
1,0,NaN,NaN
1,0,NaN,NaN
1,0,NaN,NaN
3,2,8.1,3.0
2,0,NaN,NaN
1,0,NaN,NaN
1,1,7.1000000000000005,1.0
1,1,8.1,1.0
17,13,7.1000000000000005,6.0
2,2,10.100000000000001,2.0
1,0,NaN,NaN
1,1,10.100000000000001,1.0
1,0,NaN,NaN
1,0,NaN,NaN
1,0,NaN,NaN
4,3,12.100000000000001,3.0
1,0,NaN,NaN
1,1,8.1,1.0
1,1,10.100000000000001,1.0
1,1,6.1000000000000005,1.0
1,0,NaN,NaN
1,0,NaN,NaN
1,1,13.100000000000001,1.0
3,2,12.100000000000001,2.0
1,1,7.1000000000000005,1.0
1,1,3.1,1.0
1,1,17.1,1.0
26,15,12.100000000000001,6.0
3,2,17.1,3.0
1,1,3.1,1.0
2,1,13.100000000000001,2.0
6,3,4.1000000000000005,3.0
1,0,NaN,NaN
1,0,NaN,NaN
1,1,7.1000000000000005,1.0
2,0,NaN,NaN
22,20,13.100000000000001,11.0
1,0,NaN,NaN
2,2,11.100000000000001,2.0
1,0,NaN,NaN
1,0,NaN,NaN
1,1,4.1000000000000005,1.0
1,1,5.1000000000000005,1.0
1,1,7.1000000000000005,1.0
1,0,NaN,NaN
1,0,NaN,NaN
1,1,4.1000000000000005,1.0
1,0,NaN,NaN
1,1,7.1000000000000005,1.0
1,1,15.100000000000001,1.0
1,0,NaN,NaN
3,2,15.100000000000001,3.0
1,0,NaN,NaN
1,1,9.1,1.0
1,0,NaN,NaN
1,1,6.1000000000000005,1.0
1,0,NaN,NaN
3,2,8.1,2.0
1,1,4.1000000000000005,1.0
1,1,9.1,1.0
1,0,NaN,NaN
1,1,6.1000000000000005,1.0
1,1,6.1000000000000005,1.0
1,0,NaN,NaN
1,1,7.1000000000000005,1.0
1,1,11.100000000000001,1.0
1,1,7.1000000000000005,1.0
1,0,NaN,NaN
36,26,8.1,10.0
1,1,4.1000000000000005,1.0
1,1,4.1000000000000005,1.0
1,0,NaN,NaN
1,1,7.1000000000000005,1.0
1,0,NaN,NaN
1,0,NaN,NaN
1,0,NaN,NaN
1,1,7.1000000000000005,1.0
3,2,4.1000000000000005,1.0
18,16,24.1,14.0
1,1,6.1000000000000005,1.0
7,4,8.1,2.0
2,2,14.100000000000001,2.0
1,0,NaN,NaN
1,1,4.1000000000000005,1.0
1,0,NaN,NaN
1,0,NaN,NaN
1,1,6.1000000000000005,1.0
1,0,NaN,NaN
1,1,8.1,1.0
1,0,NaN,NaN
1,1,5.1000000000000005,1.0
1,1,5.1000000000000005,1.0
1,0,NaN,NaN
1,1,5.1000000000000005,1.0
1,0,NaN,NaN
8,6,3.1,2.0
4,4,7.1000000000000005,4.0
1,0,NaN,NaN
2,0,NaN,NaN
3,1,8.1,3.0
1,1,11.100000000000001,1.0
2,2,7.1000000000000005,1.0
1,1,7.1000000000000005,1.0
1,0,NaN,NaN
1,1,9.1,1.0
1,1,5.1000000000000005,1.0
1,1,10.100000000000001,1.0
1,0,NaN,NaN
1,0,NaN,NaN
1,1,5.1000000000000005,1.0
1,0,NaN,NaN
1,1,14.100000000000001,1.0
2,1,14.100000000000001,2.0
1,1,6.1000000000000005,1.0
1,1,8.1,1.0
4,3,5.1000000000000005,3.0
1,0,NaN,NaN
1,0,NaN,NaN
1,1,8.1,1.0
1,0,NaN,NaN
1,1,4.1000000000000005,1.0
4,3,12.100000000000001,4.0
1,0,NaN,NaN
1,0,NaN,NaN
2,1,11.100000000000001,2.0
1,0,NaN,NaN
28,25,9.1,12.0
1,1,8.1,1.0
38,32,8.1,24.0
1,0,NaN,NaN
1,0,NaN,NaN
1,1,7.1000000000000005,1.0
1,0,NaN,NaN
1,1,7.1000000000000005,1.0
1,0,NaN,NaN
1,1,8.1,1.0
5,1,17.1,5.0
1,1,5.1000000000000005,1.0
1,0,NaN,NaN
1,1,9.1,1.0
1,1,4.1000000000000005,1.0
1,0,NaN,NaN
4,4,5.1000000000000005,3.0
8,7,6.1000000000000005,7.0
1,1,7.1000000000000005,1.0
1,1,5.1000000000000005,1.0
1,0,NaN,NaN
1,1,4.1000000000000005,1.0
1,1,6.1000000000000005,1.0
1,1,7.1000000000000005,1.0
1,0,NaN,NaN
1,0,NaN,NaN
1,0,NaN,NaN
1,0,NaN,NaN
2,1,6.1000000000000005,2.0
1,0,NaN,NaN
1,0,NaN,NaN
1,0,NaN,NaN
1,0,NaN,NaN
1,0,NaN,NaN
1,1,8.1,1.0
27,19,13.100000000000001,8.0
1,1,11.100000000000001,1.0
1,0,NaN,NaN
1,0,NaN,NaN
1,0,NaN,NaN
1,0,NaN,NaN
35,19,6.1000000000000005,2.0
1,1,3.1,1.0
18,5,9.1,5.0
18,14,5.1000000000000005,5.0
1,0,NaN,NaN
13,9,12.100000000000001,11.0
1,0,NaN,NaN
1,1,7.1000000000000005,1.0
1,0,NaN,NaN
1,1,8.1,1.0
2,2,4.1000000000000005,2.0
1,0,NaN,NaN
1,1,9.1,1.0
1,1,6.1000000000000005,1.0
1,1,8.1,1.0
1,1,3.1,1.0
23,16,4.1000000000000005,3.0
15,9,7.1000000000000005,9.0
1,1,7.1000000000000005,1.0
3,2,12.100000000000001,3.0
2,2,5.1000000000000005,2.0
1,1,6.1000000000000005,1.0
1,1,7.1000000000000005,1.0
1,1,6.1000000000000005,1.0
2,1,27.1,2.0
1,1,7.1000000000000005,1.0
33,23,9.1,4.0
1,1,11.100000000000001,1.0
1,1,2.1,1.0
1,1,4.1000000000000005,1.0
2,1,14.100000000000001,2.0
19,8,15.100000000000001,13.0
1,0,NaN,NaN
7,1,20.1,7.0
1,1,13.100000000000001,1.0
1,0,NaN,NaN
1,1,7.1000000000000005,1.0
1,1,7.1000000000000005,1.0
1,1,9.1,1.0
1,1,8.1,1.0
1,0,NaN,NaN
1,1,7.1000000000000005,1.0
1,1,10.100000000000001,1.0
1,0,NaN,NaN
1,1,3.1,1.0
1,0,NaN,NaN
1,0,NaN,NaN
1,0,NaN,NaN
1,1,11.100000000000001,1.0
1,0,NaN,NaN
1,1,7.1000000000000005,1.0
23,20,14.100000000000001,11.0
3,2,5.1000000000000005,2.0
2,0,NaN,NaN
11,10,8.1,8.0
1,1,7.1000000000000005,1.0
9,3,22.1,8.0
1,1,4.1000000000000005,1.0
1,0,NaN,NaN
1,1,15.100000000000001,1.0
3,3,4.1000000000000005,3.0
19,13,9.1,5.0
22,14,10.100000000000001,7.0
7,3,8.1,3.0
1,1,5.1000000000000005,1.0
7,3,20.1,6.0
1,1,7.1000000000000005,1.0
5,2,21.1,4.0
1,0,NaN,NaN
1,0,NaN,NaN
1,1,6.1000000000000005,1.0
1,0,NaN,NaN
1,0,NaN,NaN
1,1,7.1000000000000005,1.0
1,0,NaN,NaN
1,0,NaN,NaN
1,0,NaN,NaN
19,15,9.1,11.0
1,1,7.1000000000000005,1.0
18,18,7.1000000000000005,2.0
1,1,9.1,1.0
1,1,6.1000000000000005,1.0
33,22,8.1,3.0
1,1,11.100000000000001,1.0
1,0,NaN,NaN
1,0,NaN,NaN
1,0,NaN,NaN
1,0,NaN,NaN
1,0,NaN,NaN
1,1,12.100000000000001,1.0
1,0,NaN,NaN
1,0,NaN,NaN
1,0,NaN,NaN
1,1,3.1,1.0
1,1,7.1000000000000005,1.0
3,2,7.1000000000000005,3.0
1,1,10.100000000000001,1.0
1,0,NaN,NaN
1,0,NaN,NaN
1,1,7.1000000000000005,1.0
1,0,NaN,NaN
1,1,6.1000000000000005,1.0
1,0,NaN,NaN
1,1,7.1000000000000005,1.0
1,1,7.1000000000000005,1.0
1,0,NaN,NaN
1,0,NaN,NaN
1,1,6.1000000000000005,1.0
1,1,9.1,1.0
1,1,6.1000000000000005,1.0
1,0,NaN,NaN
1,0,NaN,NaN
1,1,9.1,1.0
1,1,7.1000000000000005,1.0
1,1,6.1000000000000005,1.0
1,1,13.100000000000001,1.0
12,10,14.100000000000001,8.0
1,0,NaN,NaN
1,0,NaN,NaN
8,3,9.1,3.0
1,0,NaN,NaN
1,1,7.1000000000000005,1.0
1,1,3.1,1.0
1,0,NaN,NaN
1,0,NaN,NaN
1,0,NaN,NaN
6,5,4.1000000000000005,4.0
1,0,NaN,NaN
2,2,13.100000000000001,2.0
1,1,14.100000000000001,1.0
1,0,NaN,NaN
1,1,5.1000000000000005,1.0
1,0,NaN,NaN
1,0,NaN,NaN
4,3,10.100000000000001,3.0
1,1,8.1,1.0
1,1,8.1,1.0
1,1,6.1000000000000005,1.0
5,2,18.1,4.0
1,1,5.1000000000000005,1.0
2,1,14.100000000000001,2.0
1,0,NaN,NaN
1,0,NaN,NaN
1,1,8.1,1.0
7,5,6.1000000000000005,5.0
1,0,NaN,NaN
1,1,7.1000000000000005,1.0
1,0,NaN,NaN
1,0,NaN,NaN
1,1,6.1000000000000005,1.0
1,1,8.1,1.0
1,1,5.1000000000000005,1.0
5,1,17.1,5.0
1,0,NaN,NaN
5,2,9.1,5.0
1,1,14.100000000000001,1.0
4,2,7.1000000000000005,3.0
8,5,4.1000000000000005,6.0
1,1,8.1,1.0
1,1,7.1000000000000005,1.0
1,0,NaN,NaN
1,1,6.1000000000000005,1.0
1,0,NaN,NaN
1,1,7.1000000000000005,1.0
11,4,19.1,6.0
1,0,NaN,NaN
1,1,7.1000000000000005,1.0
1,1,8.1,1.0
1,1,6.1000000000000005,1.0
2,0,NaN,NaN
1,1,7.1000000000000005,1.0
1,1,6.1000000000000005,1.0
1,1,6.1000000000000005,1.0
2,1,12.100000000000001,2.0
1,1,4.1000000000000005,1.0
1,0,NaN,NaN
1,1,8.1,1.0
28,22,12.100000000000001,5.0
1,1,10.100000000000001,1.0
1,1,7.1000000000000005,1.0
1,1,4.1000000000000005,1.0
1,1,11.100000000000001,1.0
3,2,13.100000000000001,3.0
1,0,NaN,NaN
1,1,7.1000000000000005,1.0
1,1,5.1000000000000005,1.0
1,1,7.1000000000000005,1.0
1,1,4.1000000000000005,1.0
1,1,9.1,1.0
1,0,NaN,NaN
3,1,6.1000000000000005,3.0
1,0,NaN,NaN
1,0,NaN,NaN
1,0,NaN,NaN
1,1,3.1,1.0
1,0,NaN,NaN
4,2,10.100000000000001,1.0
1,0,NaN,NaN
1,1,13.100000000000001,1.0
1,0,NaN,NaN
1,1,9.1,1.0
3,1,7.1000000000000005,2.0
1,1,12.100000000000001,1.0
1,0,NaN,NaN
6,1,17.1,6.0
1,1,10.100000000000001,1.0
1,1,15.100000000000001,1.0
1,0,NaN,NaN
1,1,5.1000000000000005,1.0
1,1,15.100000000000001,1.0
1,0,NaN,NaN
1,0,NaN,NaN
1,1,7.1000000000000005,1.0
1,0,NaN,NaN
1,0,NaN,NaN
2,0,NaN,NaN
1,1,14.100000000000001,1.0
1,0,NaN,NaN
1,1,5.1000000000000005,1.0
2,2,7.1000000000000005,1.0
1,1,6.1000000000000005,1.0
1,0,NaN,NaN
25,20,14.100000000000001,2.0
1,1,3.1,1.0
1,1,5.1000000000000005,1.0
1,0,NaN,NaN
2,2,5.1000000000000005,2.0
1,0,NaN,NaN
4,3,7.1000000000000005,2.0
1,0,NaN,NaN
18,14,3.1,1.0
1,0,NaN,NaN
16,13,4.1000000000000005,2.0
6,2,6.1000000000000005,6.0
1,0,NaN,NaN
1,1,9.1,1.0
1,0,NaN,NaN
1,0,NaN,NaN
1,0,NaN,NaN
2,1,15.100000000000001,2.0
1,1,3.1,1.0
1,1,7.1000000000000005,1.0
1,1,10.100000000000001,1.0
2,1,15.100000000000001,2.0
17,13,8.1,4.0
1,0,NaN,NaN
1,1,11.100000000000001,1.0
1,0,NaN,NaN
1,1,6.1000000000000005,1.0
1,1,7.1000000000000005,1.0
1,1,4.1000000000000005,1.0
1,0,NaN,NaN
1,1,13.100000000000001,1.0
1,1,7.1000000000000005,1.0
1,0,NaN,NaN
1,0,NaN,NaN
1,0,NaN,NaN
1,1,12.100000000000001,1.0
1,0,NaN,NaN
7,5,11.100000000000001,7.0
1,1,9.1,1.0
1,0,NaN,NaN
1,1,13.100000000000001,1.0
1,1,18.1,1.0
1,0,NaN,NaN
1,1,7.1000000000000005,1.0
1,1,11.100000000000001,1.0
1,1,7.1000000000000005,1.0
17,16,9.1,11.0
9,5,12.100000000000001,8.0
25,23,4.1000000000000005,6.0
1,1,5.1000000000000005,1.0
1,1,8.1,1.0
1,0,NaN,NaN
1,0,NaN,NaN
1,1,4.1000000000000005,1.0
1,0,NaN,NaN
1,1,10.100000000000001,1.0
1,0,NaN,NaN
1,0,NaN,NaN
1,1,7.1000000000000005,1.0
3,1,11.100000000000001,3.0
1,1,5.1000000000000005,1.0
7,2,23.1,7.0
1,1,10.100000000000001,1.0
1,0,NaN,NaN
1,1,8.1,1.0
1,1,9.1,1.0
1,1,6.1000000000000005,1.0
2,2,10.100000000000001,2.0
1,1,6.1000000000000005,1.0
1,1,6.1000000000000005,1.0
1,1,4.1000000000000005,1.0
1,0,NaN,NaN
18,15,12.100000000000001,10.0
1,1,6.1000000000000005,1.0
1,1,14.100000000000001,1.0
1,1,8.1,1.0
2,1,18.1,2.0
13,8,13.100000000000001,3.0
13,7,7.1000000000000005,2.0
1,1,13.100000000000001,1.0
1,0,NaN,NaN
1,0,NaN,NaN
1,1,4.1000000000000005,1.0
1,1,9.1,1.0
1,1,11.100000000000001,1.0
1,1,7.1000000000000005,1.0
1,0,NaN,NaN
18,17,7.1000000000000005,7.0
1,1,6.1000000000000005,1.0
2,0,NaN,NaN
1,0,NaN,NaN
1,1,8.1,1.0
1,1,6.1000000000000005,1.0
1,1,5.1000000000000005,1.0
2,1,18.1,2.0
1,0,NaN,NaN
1,0,NaN,NaN
2,1,6.1000000000000005,2.0
1,0,NaN,NaN
1,0,NaN,NaN
1,0,NaN,NaN
1,1,6.1000000000000005,1.0
1,1,6.1000000000000005,1.0
1,0,NaN,NaN
1,1,8.1,1.0
1,0,NaN,NaN
1,0,NaN,NaN
1,0,NaN,NaN
1,0,NaN,NaN
1,0,NaN,NaN
1,0,NaN,NaN
1,1,4.1000000000000005,1.0
2,1,10.100000000000001,2.0
1,1,10.100000000000001,1.0
1,1,5.1000000000000005,1.0
1,0,NaN,NaN
1,1,8.1,1.0
2,0,NaN,NaN
5,2,16.1,5.0
1,1,13.100000000000001,1.0
1,1,7.1000000000000005,1.0
1,0,NaN,NaN
2,1,15.100000000000001,2.0
1,1,10.100000000000001,1.0
1,0,NaN,NaN
1,0,NaN,NaN
1,1,12.100000000000001,1.0
1,0,NaN,NaN
1,1,8.1,1.0
1,1,8.1,1.0
1,0,NaN,NaN
1,1,4.1000000000000005,1.0
1,1,5.1000000000000005,1.0
4,3,5.1000000000000005,2.0
1,0,NaN,NaN
1,1,7.1000000000000005,1.0
1,1,8.1,1.0
1,0,NaN,NaN
1,0,NaN,NaN
2,0,NaN,NaN
1,0,NaN,NaN
1,0,NaN,NaN
1,1,8.1,1.0
1,0,NaN,NaN
1,1,8.1,1.0
11,6,8.1,9.0
1,1,5.1000000000000005,1.0
2,2,7.1000000000000005,1.0
2,1,13.100000000000001,2.0
1,1,6.1000000000000005,1.0
1,0,NaN,NaN
1,0,NaN,NaN
1,1,8.1,1.0
1,0,NaN,NaN
8,7,8.1,4.0
1,1,6.1000000000000005,1.0
1,1,8.1,1.0
1,1,5.1000000000000005,1.0
1,0,NaN,NaN
1,0,NaN,NaN
1,0,NaN,NaN
1,1,5.1000000000000005,1.0
16,8,12.100000000000001,9.0
1,0,NaN,NaN
1,1,12.100000000000001,1.0
1,1,7.1000000000000005,1.0
1,1,10.100000000000001,1.0
1,0,NaN,NaN
1,0,NaN,NaN
1,0,NaN,NaN
1,1,4.1000000000000005,1.0
3,2,7.1000000000000005,2.0
1,0,NaN,NaN
1,0,NaN,NaN
2,1,6.1000000000000005,2.0
1,1,5.1000000000000005,1.0
1,1,9.1,1.0
23,18,11.100000000000001,14.0
4,3,7.1000000000000005,3.0
3,1,7.1000000000000005,3.0
1,1,6.1000000000000005,1.0
12,5,9.1,2.0
1,1,5.1000000000000005,1.0
1,1,4.1000000000000005,1.0
1,1,8.1,1.0
1,0,NaN,NaN
1,0,NaN,NaN
1,1,6.1000000000000005,1.0
1,0,NaN,NaN
1,0,NaN,NaN
4,2,13.100000000000001,3.0
1,0,NaN,NaN
4,3,8.1,4.0
1,1,9.1,1.0
1,1,13.100000000000001,1.0
1,0,NaN,NaN
2,1,4.1000000000000005,1.0
1,1,14.100000000000001,1.0
2,1,15.100000000000001,2.0
1,1,6.1000000000000005,1.0
13,9,6.1000000000000005,7.0
1,0,NaN,NaN
1,1,6.1000000000000005,1.0
1,1,8.1,1.0
1,1,6.1000000000000005,1.0
1,1,8.1,1.0
1,1,5.1000000000000005,1.0
4,3,8.1,3.0
1,1,6.1000000000000005,1.0
2,1,11.100000000000001,2.0
2,1,15.100000000000001,2.0
1,0,NaN,NaN
1,0,NaN,NaN
1,0,NaN,NaN
1,1,7.1000000000000005,1.0
1,1,7.1000000000000005,1.0
1,1,7.1000000000000005,1.0
1,0,NaN,NaN
1,1,6.1000000000000005,1.0
1,0,NaN,NaN
2,1,5.1000000000000005,2.0
1,1,7.1000000000000005,1.0
1,0,NaN,NaN
1,1,8.1,1.0
1,0,NaN,NaN
1,1,8.1,1.0
1,0,NaN,NaN
1,1,5.1000000000000005,1.0
6,6,10.100000000000001,4.0
2,1,14.100000000000001,2.0
1,1,7.1000000000000005,1.0
1,1,8.1,1.0
1,0,NaN,NaN
1,1,6.1000000000000005,1.0
1,1,7.1000000000000005,1.0
2,1,9.1,2.0
1,0,NaN,NaN
1,1,5.1000000000000005,1.0
1,1,7.1000000000000005,1.0
1,0,NaN,NaN
1,1,8.1,1.0
1,0,NaN,NaN
1,0,NaN,NaN
2,0,NaN,NaN
1,1,7.1000000000000005,1.0
1,1,6.1000000000000005,1.0
1,1,5.1000000000000005,1.0
1,0,NaN,NaN
1,1,7.1000000000000005,1.0
1,0,NaN,NaN
1,1,4.1000000000000005,1.0
3,3,11.100000000000001,3.0
1,1,6.1000000000000005,1.0
1,0,NaN,NaN
1,1,6.1000000000000005,1.0
1,0,NaN,NaN
1,1,7.1000000000000005,1.0
1,1,4.1000000000000005,1.0
1,0,NaN,NaN
19,11,7.1000000000000005,3.0
1,1,3.1,1.0
1,1,7.1000000000000005,1.0
1,1,15.100000000000001,1.0
2,1,21.1,2.0
1,0,NaN,NaN
1,1,3.1,1.0
1,0,NaN,NaN
1,1,12.100000000000001,1.0
5,0,NaN,NaN
2,1,8.1,2.0
16,6,10.100000000000001,11.0
1,1,4.1000000000000005,1.0
1,0,NaN,NaN
3,1,15.100000000000001,3.0
1,0,NaN,NaN
2,2,7.1000000000000005,2.0
4,3,3.1,3.0
5,1,23.1,5.0
2,0,NaN,NaN
1,1,5.1000000000000005,1.0
1,1,7.1000000000000005,1.0
15,13,9.1,10.0
2,1,6.1000000000000005,2.0
1,0,NaN,NaN
1,0,NaN,NaN
1,0,NaN,NaN
1,1,6.1000000000000005,1.0
1,0,NaN,NaN
1,0,NaN,NaN
1,0,NaN,NaN
1,0,NaN,NaN
1,0,NaN,NaN
1,0,NaN,NaN
1,1,7.1000000000000005,1.0
1,1,5.1000000000000005,1.0
1,0,NaN,NaN
1,0,NaN,NaN
2,1,9.1,1.0
1,1,6.1000000000000005,1.0
1,0,NaN,NaN
1,1,7.1000000000000005,1.0
2,2,5.1000000000000005,2.0
12,10,12.100000000000001,7.0
1,0,NaN,NaN
1,1,7.1000000000000005,1.0
1,1,5.1000000000000005,1.0
1,0,NaN,NaN
1,0,NaN,NaN
1,1,6.1000000000000005,1.0
1,0,NaN,NaN
9,2,11.100000000000001,5.0
1,0,NaN,NaN
1,1,4.1000000000000005,1.0
30,27,13.100000000000001,14.0
1,1,7.1000000000000005,1.0
1,0,NaN,NaN
1,1,6.1000000000000005,1.0
1,1,11.100000000000001,1.0
1,0,NaN,NaN
1,0,NaN,NaN
1,1,8.1,1.0
1,0,NaN,NaN
18,12,6.1000000000000005,6.0
1,0,NaN,NaN
1,1,6.1000000000000005,1.0
10,7,6.1000000000000005,2.0
3,1,8.1,3.0
3,3,12.100000000000001,2.0
1,0,NaN,NaN
7,2,7.1000000000000005,3.0
1,1,10.100000000000001,1.0
1,1,7.1000000000000005,1.0
1,1,8.1,1.0
1,0,NaN,NaN
1,0,NaN,NaN
1,0,NaN,NaN
1,0,NaN,NaN
1,1,5.1000000000000005,1.0
3,1,7.1000000000000005,3.0
30,25,10.100000000000001,17.0
1,1,6.1000000000000005,1.0
2,1,7.1000000000000005,2.0
1,0,NaN,NaN
1,0,NaN,NaN
1,1,6.1000000000000005,1.0
1,1,4.1000000000000005,1.0
1,1,11.100000000000001,1.0
1,0,NaN,NaN
1,0,NaN,NaN
1,1,9.1,1.0
1,1,3.1,1.0
1,0,NaN,NaN
1,1,8.1,1.0
2,1,11.100000000000001,2.0
1,0,NaN,NaN
1,0,NaN,NaN
1,0,NaN,NaN
1,1,7.1000000000000005,1.0
1,0,NaN,NaN
1,0,NaN,NaN
17,9,7.1000000000000005,2.0
10,5,8.1,6.0
10,10,7.1000000000000005,4.0
2,1,7.1000000000000005,2.0
2,0,NaN,NaN
2,2,5.1000000000000005,1.0
1,1,8.1,1.0
8,7,7.1000000000000005,4.0
1,1,6.1000000000000005,1.0
1,1,5.1000000000000005,1.0
1,1,6.1000000000000005,1.0
2,1,15.100000000000001,2.0
1,1,5.1000000000000005,1.0
1,0,NaN,NaN
1,0,NaN,NaN
1,1,2.1,1.0
1,1,6.1000000000000005,1.0
1,0,NaN,NaN
1,1,5.1000000000000005,1.0
31,30,6.1000000000000005,12.0
1,0,NaN,NaN
3,3,7.1000000000000005,3.0
3,2,10.100000000000001,3.0
1,0,NaN,NaN
1,1,8.1,1.0
1,1,7.1000000000000005,1.0
3,1,18.1,3.0
1,0,NaN,NaN
2,1,9.1,2.0
1,1,8.1,1.0
1,0,NaN,NaN
2,1,5.1000000000000005,1.0
1,0,NaN,NaN
1,1,9.1,1.0
1,0,NaN,NaN
1,0,NaN,NaN
1,0,NaN,NaN
7,4,11.100000000000001,7.0
1,1,6.1000000000000005,1.0
1,0,NaN,NaN
1,1,5.1000000000000005,1.0
1,0,NaN,NaN
1,1,8.1,1.0
1,1,9.1,1.0
1,1,8.1,1.0
1,1,4.1000000000000005,1.0
1,1,5.1000000000000005,1.0
3,2,19.1,2.0
1,0,NaN,NaN
13,11,11.100000000000001,7.0
1,1,7.1000000000000005,1.0
1,1,4.1000000000000005,1.0
1,1,7.1000000000000005,1.0
1,0,NaN,NaN
1,0,NaN,NaN
1,1,2.1,1.0
1,1,3.1,1.0
1,0,NaN,NaN
1,0,NaN,NaN
1,1,5.1000000000000005,1.0
1,1,7.1000000000000005,1.0
2,0,NaN,NaN
1,0,NaN,NaN
1,1,6.1000000000000005,1.0
1,1,7.1000000000000005,1.0
3,3,14.100000000000001,3.0
1,0,NaN,NaN
2,2,8.1,2.0
1,1,4.1000000000000005,1.0
5,2,4.1000000000000005,2.0
1,1,6.1000000000000005,1.0
1,1,6.1000000000000005,1.0
1,0,NaN,NaN
1,1,3.1,1.0
1,1,6.1000000000000005,1.0
1,0,NaN,NaN
1,1,10.100000000000001,1.0
1,1,7.1000000000000005,1.0
1,0,NaN,NaN
1,1,9.1,1.0
1,1,4.1000000000000005,1.0
1,1,7.1000000000000005,1.0
22,20,5.1000000000000005,3.0
1,0,NaN,NaN
1,1,6.1000000000000005,1.0
1,1,9.1,1.0
1,1,4.1000000000000005,1.0
1,1,15.100000000000001,1.0
1,1,7.1000000000000005,1.0
1,0,NaN,NaN
1,1,6.1000000000000005,1.0
2,2,12.100000000000001,2.0
1,1,2.1,1.0
1,1,8.1,1.0
1,0,NaN,NaN
1,1,8.1,1.0
2,2,7.1000000000000005,1.0
1,0,NaN,NaN
1,0,NaN,NaN
22,9,4.1000000000000005,5.0
1,0,NaN,NaN
1,1,18.1,1.0
1,1,7.1000000000000005,1.0
2,0,NaN,NaN
2,1,14.100000000000001,2.0
18,14,4.1000000000000005,8.0
1,1,4.1000000000000005,1.0
8,4,7.1000000000000005,4.0
1,0,NaN,NaN
1,1,13.100000000000001,1.0
1,1,7.1000000000000005,1.0
3,2,8.1,3.0
1,1,5.1000000000000005,1.0
2,1,5.1000000000000005,2.0
1,1,5.1000000000000005,1.0
1,0,NaN,NaN
1,0,NaN,NaN
1,0,NaN,NaN
1,1,5.1000000000000005,1.0
1,1,8.1,1.0
5,2,9.1,5.0
1,1,4.1000000000000005,1.0
1,0,NaN,NaN
1,1,7.1000000000000005,1.0
1,0,NaN,NaN
1,0,NaN,NaN
11,7,7.1000000000000005,7.0
1,1,6.1000000000000005,1.0
4,4,7.1000000000000005,2.0
1,1,7.1000000000000005,1.0
1,0,NaN,NaN
1,1,6.1000000000000005,1.0
28,24,15.100000000000001,16.0
1,1,3.1,1.0
1,1,10.100000000000001,1.0
2,0,NaN,NaN
1,1,6.1000000000000005,1.0
5,5,8.1,3.0
1,1,4.1000000000000005,1.0
2,2,11.100000000000001,1.0
1,1,5.1000000000000005,1.0
1,0,NaN,NaN
1,0,NaN,NaN
1,1,9.1,1.0
1,1,6.1000000000000005,1.0
6,3,7.1000000000000005,4.0
6,3,7.1000000000000005,3.0
1,1,16.1,1.0
1,1,6.1000000000000005,1.0
1,1,6.1000000000000005,1.0
1,0,NaN,NaN
1,0,NaN,NaN
1,0,NaN,NaN
1,0,NaN,NaN
1,0,NaN,NaN
3,1,13.100000000000001,3.0
1,0,NaN,NaN
1,0,NaN,NaN
1,0,NaN,NaN
3,1,21.1,3.0
1,1,8.1,1.0
1,0,NaN,NaN
1,1,7.1000000000000005,1.0
1,1,4.1000000000000005,1.0
1,0,NaN,NaN
1,1,8.1,1.0
1,0,NaN,NaN
1,0,NaN,NaN
1,1,5.1000000000000005,1.0
3,0,NaN,NaN
1,1,10.100000000000001,1.0
1,0,NaN,NaN
1,1,7.1000000000000005,1.0
1,1,4.1000000000000005,1.0
1,0,NaN,NaN
1,0,NaN,NaN
1,0,NaN,NaN
1,0,NaN,NaN
1,1,7.1000000000000005,1.0
1,1,4.1000000000000005,1.0
2,1,7.1000000000000005,2.0
6,3,7.1000000000000005,3.0
1,1,3.1,1.0
1,0,NaN,NaN
3,2,8.1,2.0
1,1,6.1000000000000005,1.0
1,0,NaN,NaN
1,0,NaN,NaN
1,1,6.1000000000000005,1.0
13,10,9.1,8.0
2,0,NaN,NaN
1,0,NaN,NaN
2,0,NaN,NaN
1,1,5.1000000000000005,1.0
1,1,8.1,1.0
1,0,NaN,NaN
3,1,16.1,3.0
1,0,NaN,NaN
1,0,NaN,NaN
1,0,NaN,NaN
1,1,5.1000000000000005,1.0
2,0,NaN,NaN
2,2,7.1000000000000005,2.0
1,0,NaN,NaN
1,0,NaN,NaN
1,0,NaN,NaN
1,1,5.1000000000000005,1.0
1,0,NaN,NaN
1,0,NaN,NaN
1,0,NaN,NaN
1,1,5.1000000000000005,1.0
1,0,NaN,NaN
5,2,10.100000000000001,5.0
1,1,4.1000000000000005,1.0
7,6,8.1,2.0
1,1,4.1000000000000005,1.0
1,1,5.1000000000000005,1.0
10,8,12.100000000000001,1.0
2,1,2.1,1.0
1,1,2.1,1.0
1,0,NaN,NaN
1,0,NaN,NaN
2,2,9.1,2.0
1,1,7.1000000000000005,1.0
1,1,10.100000000000001,1.0
6,4,14.100000000000001,6.0
30,29,6.1000000000000005,5.0
1,1,11.100000000000001,1.0
1,0,NaN,NaN
14,9,12.100000000000001,4.0
1,1,9.1,1.0
1,1,5.1000000000000005,1.0
1,1,9.1,1.0
1,1,4.1000000000000005,1.0
1,0,NaN,NaN
1,1,8.1,1.0
1,1,6.1000000000000005,1.0
15,14,3.1,7.0
1,1,7.1000000000000005,1.0
2,2,6.1000000000000005,2.0
1,0,NaN,NaN
1,1,14.100000000000001,1.0
1,1,7.1000000000000005,1.0
21,20,5.1000000000000005,7.0
1,1,3.1,1.0
1,1,8.1,1.0
1,0,NaN,NaN
2,1,12.100000000000001,2.0
1,1,6.1000000000000005,1.0
1,0,NaN,NaN
1,0,NaN,NaN
1,0,NaN,NaN
1,0,NaN,NaN
1,0,NaN,NaN
5,3,8.1,3.0
1,0,NaN,NaN
1,0,NaN,NaN
1,1,3.1,1.0
1,1,3.1,1.0
1,0,NaN,NaN
1,0,NaN,NaN
1,1,7.1000000000000005,1.0
1,0,NaN,NaN
1,0,NaN,NaN
2,2,7.1000000000000005,2.0
2,2,6.1000000000000005,2.0
30,28,7.1000000000000005,17.0
1,1,6.1000000000000005,1.0
1,0,NaN,NaN
1,1,6.1000000000000005,1.0
1,1,14.100000000000001,1.0
1,1,11.100000000000001,1.0
1,0,NaN,NaN
1,0,NaN,NaN
1,0,NaN,NaN
1,1,5.1000000000000005,1.0
1,1,14.100000000000001,1.0
1,1,6.1000000000000005,1.0
1,0,NaN,NaN
1,0,NaN,NaN
2,1,6.1000000000000005,1.0
2,1,11.100000000000001,2.0
1,0,NaN,NaN
1,0,NaN,NaN
1,0,NaN,NaN
1,1,3.1,1.0
1,0,NaN,NaN
1,0,NaN,NaN
1,0,NaN,NaN
1,0,NaN,NaN
2,2,8.1,2.0
1,1,7.1000000000000005,1.0
1,0,NaN,NaN
1,0,NaN,NaN
1,1,6.1000000000000005,1.0
1,1,6.1000000000000005,1.0
1,0,NaN,NaN
3,2,14.100000000000001,3.0
6,1,33.1,6.0
1,0,NaN,NaN
1,1,6.1000000000000005,1.0
2,2,5.1000000000000005,1.0
1,0,NaN,NaN
6,3,4.1000000000000005,4.0
1,1,7.1000000000000005,1.0
1,1,4.1000000000000005,1.0
1,0,NaN,NaN
1,0,NaN,NaN
1,1,6.1000000000000005,1.0
2,1,8.1,2.0
1,1,9.1,1.0
3,3,7.1000000000000005,2.0
1,1,6.1000000000000005,1.0
1,0,NaN,NaN
1,0,NaN,NaN
3,1,12.100000000000001,3.0
1,0,NaN,NaN
1,0,NaN,NaN
3,3,12.100000000000001,2.0
4,2,7.1000000000000005,3.0
1,1,10.100000000000001,1.0
1,0,NaN,NaN
1,1,14.100000000000001,1.0
3,2,3.1,2.0
1,1,5.1000000000000005,1.0
1,1,9.1,1.0
6,5,3.1,1.0
5,4,5.1000000000000005,4.0
1,1,6.1000000000000005,1.0
1,0,NaN,NaN
21,12,9.1,1.0
5,2,6.1000000000000005,5.0
1,0,NaN,NaN
1,1,6.1000000000000005,1.0
8,4,8.1,8.0
1,1,8.1,1.0
1,1,3.1,1.0
2,1,11.100000000000001,2.0
1,1,14.100000000000001,1.0
1,0,NaN,NaN
7,3,16.1,7.0
1,0,NaN,NaN
4,2,18.1,4.0
1,1,3.1,1.0
1,0,NaN,NaN
1,1,10.100000000000001,1.0
1,0,NaN,NaN
1,0,NaN,NaN
1,1,4.1000000000000005,1.0
1,0,NaN,NaN
1,1,6.1000000000000005,1.0
1,1,8.1,1.0
1,0,NaN,NaN
1,0,NaN,NaN
1,0,NaN,NaN
1,0,NaN,NaN
1,0,NaN,NaN
1,1,8.1,1.0
6,2,17.1,6.0
1,0,NaN,NaN
2,1,14.100000000000001,2.0
1,1,8.1,1.0
1,1,4.1000000000000005,1.0
1,0,NaN,NaN
1,0,NaN,NaN
1,0,NaN,NaN
9,6,8.1,8.0
15,7,9.1,10.0
1,1,5.1000000000000005,1.0
19,12,5.1000000000000005,6.0
1,1,11.100000000000001,1.0
7,2,6.1000000000000005,1.0
1,1,4.1000000000000005,1.0
1,1,5.1000000000000005,1.0
1,0,NaN,NaN
1,1,4.1000000000000005,1.0
1,1,7.1000000000000005,1.0
1,1,4.1000000000000005,1.0
1,0,NaN,NaN
6,4,8.1,2.0
1,1,9.1,1.0
1,0,NaN,NaN
2,0,NaN,NaN
1,1,6.1000000000000005,1.0
1,0,NaN,NaN
1,1,7.1000000000000005,1.0
1,0,NaN,NaN
1,1,9.1,1.0
1,0,NaN,NaN
1,0,NaN,NaN
1,1,6.1000000000000005,1.0
1,0,NaN,NaN
1,1,4.1000000000000005,1.0
20,16,8.1,5.0
1,0,NaN,NaN
1,0,NaN,NaN
1,0,NaN,NaN
1,0,NaN,NaN
1,0,NaN,NaN
10,4,11.100000000000001,4.0
1,0,NaN,NaN
1,0,NaN,NaN
1,0,NaN,NaN
5,4,4.1000000000000005,4.0
1,1,7.1000000000000005,1.0
1,0,NaN,NaN
1,1,7.1000000000000005,1.0
1,1,9.1,1.0
19,5,19.1,8.0
2,1,8.1,2.0
1,0,NaN,NaN
1,1,5.1000000000000005,1.0
1,1,6.1000000000000005,1.0
1,0,NaN,NaN
1,0,NaN,NaN
8,5,5.1000000000000005,3.0
2,1,7.1000000000000005,2.0
1,0,NaN,NaN
1,1,7.1000000000000005,1.0
1,1,4.1000000000000005,1.0
2,2,8.1,2.0
1,0,NaN,NaN
1,0,NaN,NaN
4,4,4.1000000000000005,1.0
1,0,NaN,NaN
1,1,4.1000000000000005,1.0
1,1,4.1000000000000005,1.0
1,0,NaN,NaN
7,3,15.100000000000001,4.0
2,0,NaN,NaN
1,1,8.1,1.0
1,0,NaN,NaN
1,0,NaN,NaN
1,0,NaN,NaN
1,0,NaN,NaN
1,0,NaN,NaN
1,1,5.1000000000000005,1.0
1,1,3.1,1.0
1,0,NaN,NaN
1,0,NaN,NaN
1,0,NaN,NaN
1,0,NaN,NaN
1,1,14.100000000000001,1.0
1,1,6.1000000000000005,1.0
2,1,15.100000000000001,2.0
1,1,7.1000000000000005,1.0
1,0,NaN,NaN
1,1,12.100000000000001,1.0
1,0,NaN,NaN
1,1,6.1000000000000005,1.0
1,1,5.1000000000000005,1.0
1,1,3.1,1.0
1,1,7.1000000000000005,1.0
1,1,4.1000000000000005,1.0
2,2,10.100000000000001,2.0
1,1,6.1000000000000005,1.0
1,1,7.1000000000000005,1.0
1,1,5.1000000000000005,1.0
1,0,NaN,NaN
11,6,4.1000000000000005,2.0
1,1,7.1000000000000005,1.0
1,1,8.1,1.0
1,1,4.1000000000000005,1.0
1,1,3.1,1.0
33,30,15.100000000000001,12.0
1,0,NaN,NaN
1,0,NaN,NaN
1,1,4.1000000000000005,1.0
1,1,8.1,1.0
7,3,8.1,4.0
1,1,7.1000000000000005,1.0
13,8,4.1000000000000005,3.0
1,0,NaN,NaN
7,7,10.100000000000001,5.0
1,1,7.1000000000000005,1.0
1,0,NaN,NaN
7,2,14.100000000000001,5.0
3,3,4.1000000000000005,3.0
1,1,8.1,1.0
1,0,NaN,NaN
1,1,8.1,1.0
27,22,6.1000000000000005,10.0
4,3,14.100000000000001,4.0
1,1,14.100000000000001,1.0
1,1,6.1000000000000005,1.0
1,1,3.1,1.0
2,1,21.1,2.0
1,1,11.100000000000001,1.0
1,0,NaN,NaN
9,4,7.1000000000000005,2.0
1,1,8.1,1.0
1,1,4.1000000000000005,1.0
2,1,12.100000000000001,2.0
1,1,15.100000000000001,1.0
1,1,5.1000000000000005,1.0
1,1,7.1000000000000005,1.0
14,4,18.1,9.0
1,1,6.1000000000000005,1.0
11,6,18.1,7.0
7,6,9.1,7.0
1,1,10.100000000000001,1.0
1,1,13.100000000000001,1.0
1,0,NaN,NaN
1,1,10.100000000000001,1.0
1,1,5.1000000000000005,1.0
1,0,NaN,NaN
1,0,NaN,NaN
1,1,5.1000000000000005,1.0
8,5,7.1000000000000005,6.0
1,1,4.1000000000000005,1.0
5,3,8.1,3.0
1,1,13.100000000000001,1.0
1,1,14.100000000000001,1.0
16,6,6.1000000000000005,1.0
1,0,NaN,NaN
2,1,12.100000000000001,2.0
1,0,NaN,NaN
1,1,6.1000000000000005,1.0
1,1,14.100000000000001,1.0
1,0,NaN,NaN
17,11,11.100000000000001,6.0
1,1,10.100000000000001,1.0
1,1,8.1,1.0
1,0,NaN,NaN
1,1,13.100000000000001,1.0
1,0,NaN,NaN
1,0,NaN,NaN
1,0,NaN,NaN
1,0,NaN,NaN
1,1,7.1000000000000005,1.0
1,0,NaN,NaN
7,3,17.1,6.0
1,1,7.1000000000000005,1.0
4,2,13.100000000000001,3.0
1,0,NaN,NaN
1,1,3.1,1.0
1,0,NaN,NaN
1,1,5.1000000000000005,1.0
1,0,NaN,NaN
1,1,4.1000000000000005,1.0
3,3,5.1000000000000005,1.0
1,1,8.1,1.0
2,1,13.100000000000001,2.0
1,1,7.1000000000000005,1.0
2,1,14.100000000000001,2.0
19,17,26.1,17.0
1,0,NaN,NaN
1,1,5.1000000000000005,1.0
1,1,6.1000000000000005,1.0
1,1,7.1000000000000005,1.0
1,1,7.1000000000000005,1.0
4,0,NaN,NaN
15,14,7.1000000000000005,8.0
1,1,4.1000000000000005,1.0
1,0,NaN,NaN
1,0,NaN,NaN
1,0,NaN,NaN
20,19,8.1,11.0
2,1,4.1000000000000005,1.0
1,0,NaN,NaN
1,1,11.100000000000001,1.0
1,1,11.100000000000001,1.0
4,2,7.1000000000000005,4.0
1,0,NaN,NaN
1,0,NaN,NaN
1,0,NaN,NaN
1,0,NaN,NaN
5,2,7.1000000000000005,3.0
1,1,9.1,1.0
1,1,13.100000000000001,1.0
1,0,NaN,NaN
1,0,NaN,NaN
1,0,NaN,NaN
1,1,5.1000000000000005,1.0
1,1,7.1000000000000005,1.0
3,1,13.100000000000001,3.0
6,5,11.100000000000001,3.0
1,0,NaN,NaN
6,2,7.1000000000000005,4.0
1,0,NaN,NaN
1,1,6.1000000000000005,1.0
1,0,NaN,NaN
3,2,9.1,2.0
1,0,NaN,NaN
1,1,6.1000000000000005,1.0
1,1,6.1000000000000005,1.0
1,0,NaN,NaN
47,42,8.1,11.0
1,1,7.1000000000000005,1.0
1,1,8.1,1.0
1,1,4.1000000000000005,1.0
1,0,NaN,NaN
3,1,22.1,3.0
1,1,7.1000000000000005,1.0
1,0,NaN,NaN
1,0,NaN,NaN
2,2,4.1000000000000005,2.0
1,1,8.1,1.0
8,5,10.100000000000001,8.0
1,0,NaN,NaN
9,5,5.1000000000000005,5.0
1,1,4.1000000000000005,1.0
1,0,NaN,NaN
1,1,6.1000000000000005,1.0
1,0,NaN,NaN
1,1,4.1000000000000005,1.0
1,0,NaN,NaN
1,0,NaN,NaN
6,3,16.1,6.0
1,1,9.1,1.0
1,1,5.1000000000000005,1.0
5,3,11.100000000000001,3.0
12,11,9.1,9.0
1,1,4.1000000000000005,1.0
1,1,3.1,1.0
2,2,6.1000000000000005,2.0
1,1,10.100000000000001,1.0
1,0,NaN,NaN
8,4,7.1000000000000005,1.0
1,1,8.1,1.0
1,1,7.1000000000000005,1.0
1,1,9.1,1.0
3,1,18.1,3.0
1,0,NaN,NaN
1,0,NaN,NaN
1,0,NaN,NaN
1,1,6.1000000000000005,1.0
2,2,10.100000000000001,2.0
1,1,6.1000000000000005,1.0
1,1,10.100000000000001,1.0
1,0,NaN,NaN
1,1,8.1,1.0
1,1,7.1000000000000005,1.0
1,1,2.1,1.0
1,1,9.1,1.0
1,0,NaN,NaN
1,1,8.1,1.0
3,2,11.100000000000001,3.0
1,0,NaN,NaN
1,1,7.1000000000000005,1.0
1,1,5.1000000000000005,1.0
1,0,NaN,NaN
1,1,11.100000000000001,1.0
1,0,NaN,NaN
1,1,8.1,1.0
1,0,NaN,NaN
1,0,NaN,NaN
1,0,NaN,NaN
1,1,7.1000000000000005,1.0
1,0,NaN,NaN
1,0,NaN,NaN
13,9,5.1000000000000005,3.0
1,0,NaN,NaN
1,1,14.100000000000001,1.0
1,1,7.1000000000000005,1.0
1,1,7.1000000000000005,1.0
1,0,NaN,NaN
3,3,3.1,1.0
1,0,NaN,NaN
1,1,7.1000000000000005,1.0
27,26,6.1000000000000005,9.0
1,0,NaN,NaN
1,0,NaN,NaN
1,1,3.1,1.0
7,5,14.100000000000001,6.0
1,1,7.1000000000000005,1.0
1,0,NaN,NaN
1,1,4.1000000000000005,1.0
2,1,5.1000000000000005,2.0
1,0,NaN,NaN
2,1,7.1000000000000005,2.0
2,1,15.100000000000001,2.0
19,16,12.100000000000001,14.0
1,1,4.1000000000000005,1.0
1,1,6.1000000000000005,1.0
1,0,NaN,NaN
1,1,6.1000000000000005,1.0
1,1,14.100000000000001,1.0
4,1,11.100000000000001,4.0
1,1,11.100000000000001,1.0
1,1,3.1,1.0
1,0,NaN,NaN
1,1,6.1000000000000005,1.0
2,2,10.100000000000001,2.0
8,5,16.1,4.0
1,1,10.100000000000001,1.0
1,1,8.1,1.0
1,1,5.1000000000000005,1.0
1,0,NaN,NaN
2,0,NaN,NaN
1,1,5.1000000000000005,1.0
1,1,6.1000000000000005,1.0
1,1,12.100000000000001,1.0
1,1,12.100000000000001,1.0
1,0,NaN,NaN
1,0,NaN,NaN
2,1,8.1,2.0
1,0,NaN,NaN
16,16,5.1000000000000005,6.0
4,1,20.1,4.0
1,1,7.1000000000000005,1.0
3,2,2.1,1.0
1,0,NaN,NaN
1,1,7.1000000000000005,1.0
1,1,6.1000000000000005,1.0
13,11,6.1000000000000005,10.0
13,11,8.1,13.0
10,8,11.100000000000001,7.0
2,1,7.1000000000000005,2.0
3,2,14.100000000000001,2.0
2,1,9.1,2.0
8,5,12.100000000000001,6.0
1,1,8.1,1.0
1,1,6.1000000000000005,1.0
1,0,NaN,NaN
2,1,8.1,2.0
3,1,16.1,3.0
2,1,11.100000000000001,2.0
1,0,NaN,NaN
1,0,NaN,NaN
1,0,NaN,NaN
1,1,12.100000000000001,1.0
4,3,4.1000000000000005,1.0
6,4,4.1000000000000005,4.0
1,1,6.1000000000000005,1.0
1,1,8.1,1.0
1,0,NaN,NaN
3,2,7.1000000000000005,2.0
1,0,NaN,NaN
1,1,9.1,1.0
1,1,5.1000000000000005,1.0
3,1,5.1000000000000005,2.0
1,1,4.1000000000000005,1.0
1,1,6.1000000000000005,1.0
1,1,13.100000000000001,1.0
1,1,3.1,1.0
1,0,NaN,NaN
1,0,NaN,NaN
3,2,9.1,3.0
1,0,NaN,NaN
1,0,NaN,NaN
1,1,8.1,1.0
1,1,4.1000000000000005,1.0
1,0,NaN,NaN
1,1,8.1,1.0
1,1,9.1,1.0
1,0,NaN,NaN
1,1,6.1000000000000005,1.0
1,1,10.100000000000001,1.0
1,0,NaN,NaN
1,0,NaN,NaN
1,1,6.1000000000000005,1.0
1,0,NaN,NaN
1,1,6.1000000000000005,1.0
1,0,NaN,NaN
1,0,NaN,NaN
9,4,21.1,6.0
14,14,7.1000000000000005,9.0
1,1,7.1000000000000005,1.0
1,0,NaN,NaN
2,1,12.100000000000001,2.0
2,2,6.1000000000000005,2.0
1,1,8.1,1.0
1,1,6.1000000000000005,1.0
1,1,5.1000000000000005,1.0
1,0,NaN,NaN
1,1,7.1000000000000005,1.0
1,1,5.1000000000000005,1.0
1,0,NaN,NaN
1,0,NaN,NaN
1,0,NaN,NaN
1,1,15.100000000000001,1.0
3,2,14.100000000000001,3.0
1,0,NaN,NaN
2,2,6.1000000000000005,2.0
9,8,6.1000000000000005,3.0
1,1,5.1000000000000005,1.0
1,1,8.1,1.0
37,27,8.1,3.0
2,2,6.1000000000000005,2.0
2,1,13.100000000000001,2.0
1,1,7.1000000000000005,1.0
1,1,6.1000000000000005,1.0
1,0,NaN,NaN
1,1,14.100000000000001,1.0
1,0,NaN,NaN
2,0,NaN,NaN
1,1,14.100000000000001,1.0
1,0,NaN,NaN
1,0,NaN,NaN
1,1,7.1000000000000005,1.0
24,21,7.1000000000000005,5.0
9,9,6.1000000000000005,3.0
3,1,8.1,2.0
3,3,4.1000000000000005,2.0
1,1,3.1,1.0
3,2,9.1,3.0
1,1,13.100000000000001,1.0
1,1,7.1000000000000005,1.0
1,1,14.100000000000001,1.0
1,1,3.1,1.0
1,0,NaN,NaN
1,0,NaN,NaN
1,0,NaN,NaN
1,1,6.1000000000000005,1.0
8,4,10.100000000000001,5.0
1,1,4.1000000000000005,1.0
1,0,NaN,NaN
2,0,NaN,NaN
2,0,NaN,NaN
1,0,NaN,NaN
1,1,11.100000000000001,1.0
1,0,NaN,NaN
1,0,NaN,NaN
2,0,NaN,NaN
1,0,NaN,NaN
1,0,NaN,NaN
1,0,NaN,NaN
1,0,NaN,NaN
1,0,NaN,NaN
22,19,10.100000000000001,21.0
1,0,NaN,NaN
1,1,10.100000000000001,1.0
1,0,NaN,NaN
1,1,6.1000000000000005,1.0
7,1,14.100000000000001,7.0
1,1,9.1,1.0
1,1,10.100000000000001,1.0
1,0,NaN,NaN
1,1,5.1000000000000005,1.0
1,1,7.1000000000000005,1.0
1,0,NaN,NaN
1,1,4.1000000000000005,1.0
1,0,NaN,NaN
2,1,16.1,2.0
1,0,NaN,NaN
1,1,3.1,1.0
1,0,NaN,NaN
1,1,2.1,1.0
1,0,NaN,NaN
2,0,NaN,NaN
1,1,7.1000000000000005,1.0
1,0,NaN,NaN
1,1,6.1000000000000005,1.0
1,1,6.1000000000000005,1.0
1,1,4.1000000000000005,1.0
7,2,14.100000000000001,6.0
3,1,8.1,3.0
2,1,7.1000000000000005,2.0
1,0,NaN,NaN
2,1,5.1000000000000005,1.0
2,2,8.1,2.0
1,0,NaN,NaN
1,1,6.1000000000000005,1.0
1,0,NaN,NaN
1,1,8.1,1.0
1,0,NaN,NaN
18,10,9.1,11.0
1,1,10.100000000000001,1.0
1,1,5.1000000000000005,1.0
1,1,10.100000000000001,1.0
1,0,NaN,NaN
1,1,13.100000000000001,1.0
24,19,10.100000000000001,12.0
1,1,4.1000000000000005,1.0
1,1,6.1000000000000005,1.0
1,1,4.1000000000000005,1.0
1,1,6.1000000000000005,1.0
1,0,NaN,NaN
1,1,5.1000000000000005,1.0
1,0,NaN,NaN
1,1,6.1000000000000005,1.0
1,0,NaN,NaN
1,1,12.100000000000001,1.0
1,1,11.100000000000001,1.0
1,0,NaN,NaN
10,9,5.1000000000000005,3.0
1,1,6.1000000000000005,1.0
1,0,NaN,NaN
9,9,8.1,6.0
1,1,8.1,1.0
1,0,NaN,NaN
1,1,7.1000000000000005,1.0
9,4,20.1,5.0
1,0,NaN,NaN
1,1,3.1,1.0
1,0,NaN,NaN
1,1,8.1,1.0
1,1,8.1,1.0
1,1,6.1000000000000005,1.0
1,1,5.1000000000000005,1.0
1,0,NaN,NaN
27,24,11.100000000000001,18.0
1,0,NaN,NaN
1,1,4.1000000000000005,1.0
1,0,NaN,NaN
1,1,9.1,1.0
1,0,NaN,NaN
1,0,NaN,NaN
2,2,8.1,2.0
1,1,13.100000000000001,1.0
1,1,5.1000000000000005,1.0
1,1,6.1000000000000005,1.0
1,1,6.1000000000000005,1.0
1,1,4.1000000000000005,1.0
1,1,14.100000000000001,1.0
4,2,8.1,4.0
1,1,7.1000000000000005,1.0
1,1,4.1000000000000005,1.0
1,1,10.100000000000001,1.0
1,1,6.1000000000000005,1.0
1,1,11.100000000000001,1.0
1,1,7.1000000000000005,1.0
41,39,7.1000000000000005,8.0
1,1,8.1,1.0
12,3,10.100000000000001,5.0
1,0,NaN,NaN
3,2,15.100000000000001,3.0
1,1,6.1000000000000005,1.0
1,1,5.1000000000000005,1.0
1,1,15.100000000000001,1.0
1,1,4.1000000000000005,1.0
1,0,NaN,NaN
1,1,7.1000000000000005,1.0
1,1,7.1000000000000005,1.0
1,0,NaN,NaN
1,1,7.1000000000000005,1.0
1,1,4.1000000000000005,1.0
1,1,13.100000000000001,1.0
21,12,6.1000000000000005,3.0
1,1,12.100000000000001,1.0
1,0,NaN,NaN
1,1,12.100000000000001,1.0
1,1,5.1000000000000005,1.0
8,7,7.1000000000000005,2.0
1,1,6.1000000000000005,1.0
1,0,NaN,NaN
1,1,6.1000000000000005,1.0
1,1,7.1000000000000005,1.0
3,2,11.100000000000001,2.0
2,2,8.1,2.0
1,0,NaN,NaN
1,1,6.1000000000000005,1.0
1,1,9.1,1.0
7,4,9.1,7.0
1,0,NaN,NaN
3,2,14.100000000000001,3.0
1,0,NaN,NaN
1,1,6.1000000000000005,1.0
1,1,7.1000000000000005,1.0
1,1,7.1000000000000005,1.0
1,0,NaN,NaN
1,1,7.1000000000000005,1.0
1,1,9.1,1.0
3,3,6.1000000000000005,2.0
1,0,NaN,NaN
1,1,10.100000000000001,1.0
1,1,6.1000000000000005,1.0
9,5,10.100000000000001,9.0
3,2,13.100000000000001,3.0
1,0,NaN,NaN
2,1,18.1,2.0
1,0,NaN,NaN
1,0,NaN,NaN
1,1,8.1,1.0
1,1,5.1000000000000005,1.0
1,1,7.1000000000000005,1.0
1,0,NaN,NaN
1,1,5.1000000000000005,1.0
1,1,9.1,1.0
5,3,12.100000000000001,5.0
1,0,NaN,NaN
7,4,4.1000000000000005,1.0
5,3,14.100000000000001,5.0
1,1,13.100000000000001,1.0
1,1,10.100000000000001,1.0
1,0,NaN,NaN
1,0,NaN,NaN
5,3,7.1000000000000005,1.0
1,0,NaN,NaN
1,1,5.1000000000000005,1.0
1,1,7.1000000000000005,1.0
2,1,15.100000000000001,2.0
1,1,7.1000000000000005,1.0
1,1,5.1000000000000005,1.0
1,1,3.1,1.0
1,1,5.1000000000000005,1.0
2,1,5.1000000000000005,1.0
1,0,NaN,NaN
1,0,NaN,NaN
14,14,10.100000000000001,14.0
1,0,NaN,NaN
1,0,NaN,NaN
2,0,NaN,NaN
1,0,NaN,NaN
1,1,9.1,1.0
1,1,12.100000000000001,1.0
2,2,4.1000000000000005,1.0
2,2,4.1000000000000005,2.0
3,2,15.100000000000001,3.0
1,0,NaN,NaN
1,1,6.1000000000000005,1.0
1,0,NaN,NaN
1,0,NaN,NaN
6,4,6.1000000000000005,4.0
1,0,NaN,NaN
1,0,NaN,NaN
1,0,NaN,NaN
1,1,7.1000000000000005,1.0
8,6,4.1000000000000005,4.0
1,0,NaN,NaN
1,1,11.100000000000001,1.0
2,0,NaN,NaN
1,0,NaN,NaN
1,1,11.100000000000001,1.0
2,2,8.1,2.0
1,1,5.1000000000000005,1.0
1,1,4.1000000000000005,1.0
7,5,9.1,4.0
1,0,NaN,NaN
1,1,12.100000000000001,1.0
1,0,NaN,NaN
1,0,NaN,NaN
1,0,NaN,NaN
1,0,NaN,NaN
1,1,3.1,1.0
1,0,NaN,NaN
1,1,6.1000000000000005,1.0
41,36,3.1,5.0
1,0,NaN,NaN
1,0,NaN,NaN
24,17,9.1,3.0
1,0,NaN,NaN
3,2,9.1,3.0
1,0,NaN,NaN
1,0,NaN,NaN
1,0,NaN,NaN
1,1,6.1000000000000005,1.0
1,0,NaN,NaN
1,0,NaN,NaN
1,1,6.1000000000000005,1.0
1,0,NaN,NaN
1,1,4.1000000000000005,1.0
1,1,3.1,1.0
1,1,8.1,1.0
1,0,NaN,NaN
1,1,6.1000000000000005,1.0
1,0,NaN,NaN
1,0,NaN,NaN
1,1,15.100000000000001,1.0
21,9,11.100000000000001,3.0
1,1,10.100000000000001,1.0
1,0,NaN,NaN
1,1,6.1000000000000005,1.0
1,0,NaN,NaN
1,1,15.100000000000001,1.0
1,0,NaN,NaN
2,1,13.100000000000001,2.0
1,0,NaN,NaN
1,0,NaN,NaN
1,0,NaN,NaN
1,0,NaN,NaN
1,1,5.1000000000000005,1.0
1,0,NaN,NaN
1,1,3.1,1.0
1,0,NaN,NaN
1,1,9.1,1.0
1,0,NaN,NaN
4,1,10.100000000000001,3.0
1,1,8.1,1.0
1,0,NaN,NaN
1,0,NaN,NaN
1,0,NaN,NaN
8,8,6.1000000000000005,6.0
1,1,6.1000000000000005,1.0
6,6,6.1000000000000005,5.0
1,0,NaN,NaN
1,1,7.1000000000000005,1.0
3,1,4.1000000000000005,2.0
1,0,NaN,NaN
1,0,NaN,NaN
1,0,NaN,NaN
1,0,NaN,NaN
1,1,13.100000000000001,1.0
1,1,5.1000000000000005,1.0
1,0,NaN,NaN
1,1,8.1,1.0
1,1,7.1000000000000005,1.0
1,0,NaN,NaN
1,0,NaN,NaN
1,0,NaN,NaN
1,0,NaN,NaN
6,4,8.1,5.0
1,1,6.1000000000000005,1.0
2,1,8.1,2.0
1,0,NaN,NaN
1,0,NaN,NaN
2,0,NaN,NaN
7,4,6.1000000000000005,3.0
1,0,NaN,NaN
4,3,3.1,1.0
1,1,6.1000000000000005,1.0
1,0,NaN,NaN
1,1,8.1,1.0
1,0,NaN,NaN
1,0,NaN,NaN
1,1,11.100000000000001,1.0
1,1,7.1000000000000005,1.0
1,1,8.1,1.0
1,0,NaN,NaN
1,1,20.1,1.0
1,1,15.100000000000001,1.0
25,18,12.100000000000001,11.0
3,1,16.1,3.0
1,0,NaN,NaN
1,0,NaN,NaN
3,3,9.1,3.0
1,1,7.1000000000000005,1.0
4,1,11.100000000000001,3.0
7,6,7.1000000000000005,2.0
25,10,6.1000000000000005,10.0
1,0,NaN,NaN
1,0,NaN,NaN
2,0,NaN,NaN
1,1,5.1000000000000005,1.0
1,0,NaN,NaN
1,0,NaN,NaN
3,1,8.1,3.0
1,1,7.1000000000000005,1.0
1,0,NaN,NaN
5,4,8.1,3.0
1,0,NaN,NaN
1,1,5.1000000000000005,1.0
1,0,NaN,NaN
1,0,NaN,NaN
1,1,4.1000000000000005,1.0
2,1,9.1,2.0
3,2,18.1,3.0
1,1,6.1000000000000005,1.0
1,1,9.1,1.0
1,0,NaN,NaN
1,1,7.1000000000000005,1.0
1,0,NaN,NaN
1,0,NaN,NaN
30,21,7.1000000000000005,6.0
1,0,NaN,NaN
1,0,NaN,NaN
1,1,7.1000000000000005,1.0
1,0,NaN,NaN
7,1,18.1,7.0
1,1,6.1000000000000005,1.0
1,0,NaN,NaN
1,1,6.1000000000000005,1.0
1,1,7.1000000000000005,1.0
20,16,10.100000000000001,15.0
1,0,NaN,NaN
1,0,NaN,NaN
1,1,7.1000000000000005,1.0
1,1,4.1000000000000005,1.0
1,1,12.100000000000001,1.0
2,2,3.1,1.0
1,1,4.1000000000000005,1.0
19,11,4.1000000000000005,7.0
1,0,NaN,NaN
4,2,6.1000000000000005,1.0
4,4,14.100000000000001,3.0
1,0,NaN,NaN
1,1,5.1000000000000005,1.0
1,1,7.1000000000000005,1.0
10,5,10.100000000000001,3.0
1,1,7.1000000000000005,1.0
1,0,NaN,NaN
2,1,6.1000000000000005,1.0
1,1,9.1,1.0
1,0,NaN,NaN
2,2,9.1,1.0
1,1,5.1000000000000005,1.0
21,15,7.1000000000000005,5.0
1,1,3.1,1.0
6,1,11.100000000000001,6.0
2,2,4.1000000000000005,1.0
4,3,17.1,4.0
1,1,3.1,1.0
1,0,NaN,NaN
1,1,22.1,1.0
1,1,6.1000000000000005,1.0
1,1,12.100000000000001,1.0
1,1,5.1000000000000005,1.0
13,9,9.1,5.0
1,1,13.100000000000001,1.0
1,1,15.100000000000001,1.0
2,2,4.1000000000000005,2.0
1,0,NaN,NaN
1,1,4.1000000000000005,1.0
1,0,NaN,NaN
1,0,NaN,NaN
1,0,NaN,NaN
1,0,NaN,NaN
9,9,6.1000000000000005,4.0
3,2,6.1000000000000005,3.0
1,0,NaN,NaN
2,0,NaN,NaN
4,1,20.1,4.0
1,1,7.1000000000000005,1.0
1,1,7.1000000000000005,1.0
1,1,7.1000000000000005,1.0
6,3,15.100000000000001,4.0
1,0,NaN,NaN
1,1,4.1000000000000005,1.0
1,1,5.1000000000000005,1.0
1,1,5.1000000000000005,1.0
1,1,6.1000000000000005,1.0
1,0,NaN,NaN
1,1,6.1000000000000005,1.0
1,1,8.1,1.0
2,1,5.1000000000000005,1.0
1,0,NaN,NaN
1,0,NaN,NaN
1,1,7.1000000000000005,1.0
1,0,NaN,NaN
45,28,7.1000000000000005,2.0
1,0,NaN,NaN
1,0,NaN,NaN
1,0,NaN,NaN
3,1,13.100000000000001,3.0
1,1,6.1000000000000005,1.0
1,0,NaN,NaN
1,0,NaN,NaN
1,0,NaN,NaN
1,1,9.1,1.0
1,0,NaN,NaN
1,0,NaN,NaN
6,5,5.1000000000000005,4.0
10,7,7.1000000000000005,10.0
1,1,6.1000000000000005,1.0
1,1,6.1000000000000005,1.0
1,1,9.1,1.0
1,1,3.1,1.0
1,1,5.1000000000000005,1.0
1,0,NaN,NaN
1,1,8.1,1.0
2,2,11.100000000000001,1.0
1,1,12.100000000000001,1.0
1,1,8.1,1.0
7,1,20.1,7.0
1,1,6.1000000000000005,1.0
2,2,7.1000000000000005,2.0
1,0,NaN,NaN
1,0,NaN,NaN
1,1,2.1,1.0
1,1,7.1000000000000005,1.0
1,0,NaN,NaN
3,2,9.1,2.0
1,0,NaN,NaN
1,0,NaN,NaN
1,1,10.100000000000001,1.0
1,0,NaN,NaN
1,0,NaN,NaN
1,0,NaN,NaN
2,1,13.100000000000001,2.0
2,1,11.100000000000001,2.0
1,0,NaN,NaN
1,0,NaN,NaN
1,1,7.1000000000000005,1.0
1,1,6.1000000000000005,1.0
1,1,7.1000000000000005,1.0
1,0,NaN,NaN
1,0,NaN,NaN
1,1,12.100000000000001,1.0
6,3,9.1,4.0
1,0,NaN,NaN
1,0,NaN,NaN
1,0,NaN,NaN
9,6,9.1,5.0
1,1,5.1000000000000005,1.0
1,0,NaN,NaN
2,1,9.1,2.0
1,0,NaN,NaN
9,3,6.1000000000000005,4.0
1,1,8.1,1.0
1,0,NaN,NaN
1,0,NaN,NaN
1,0,NaN,NaN
1,0,NaN,NaN
1,0,NaN,NaN
3,0,NaN,NaN
1,0,NaN,NaN
1,1,5.1000000000000005,1.0
1,0,NaN,NaN
1,1,3.1,1.0
1,0,NaN,NaN
1,1,6.1000000000000005,1.0
1,0,NaN,NaN
1,0,NaN,NaN
1,1,8.1,1.0
1,1,7.1000000000000005,1.0
1,1,6.1000000000000005,1.0
1,1,7.1000000000000005,1.0
4,4,6.1000000000000005,4.0
1,1,6.1000000000000005,1.0
1,0,NaN,NaN
1,0,NaN,NaN
2,2,11.100000000000001,2.0
16,9,8.1,9.0
5,2,9.1,2.0
1,1,4.1000000000000005,1.0
25,17,8.1,4.0
1,1,6.1000000000000005,1.0
1,1,9.1,1.0
1,1,3.1,1.0
1,0,NaN,NaN
1,1,5.1000000000000005,1.0
1,1,7.1000000000000005,1.0
1,0,NaN,NaN
2,2,6.1000000000000005,2.0
2,1,8.1,2.0
1,0,NaN,NaN
1,1,5.1000000000000005,1.0
1,0,NaN,NaN
1,0,NaN,NaN
1,1,7.1000000000000005,1.0
1,0,NaN,NaN
1,0,NaN,NaN
1,0,NaN,NaN
1,1,8.1,1.0
1,1,7.1000000000000005,1.0
1,1,8.1,1.0
1,0,NaN,NaN
11,6,4.1000000000000005,1.0
11,7,13.100000000000001,2.0
1,0,NaN,NaN
1,0,NaN,NaN
1,1,13.100000000000001,1.0
5,5,10.100000000000001,2.0
1,0,NaN,NaN
1,0,NaN,NaN
1,1,4.1000000000000005,1.0
2,1,17.1,2.0
1,0,NaN,NaN
1,1,8.1,1.0
1,1,5.1000000000000005,1.0
1,0,NaN,NaN
1,1,5.1000000000000005,1.0
1,0,NaN,NaN
2,2,8.1,2.0
1,1,4.1000000000000005,1.0
1,0,NaN,NaN
1,1,8.1,1.0
20,17,10.100000000000001,12.0
1,1,8.1,1.0
1,0,NaN,NaN
1,0,NaN,NaN
11,5,6.1000000000000005,3.0
1,0,NaN,NaN
1,1,7.1000000000000005,1.0
1,1,4.1000000000000005,1.0
1,1,10.100000000000001,1.0
1,1,9.1,1.0
1,1,5.1000000000000005,1.0
2,2,3.1,1.0
1,1,8.1,1.0
1,0,NaN,NaN
1,1,6.1000000000000005,1.0
1,1,6.1000000000000005,1.0
1,0,NaN,NaN
1,1,7.1000000000000005,1.0
1,1,7.1000000000000005,1.0
1,0,NaN,NaN
1,1,6.1000000000000005,1.0
1,1,5.1000000000000005,1.0
2,2,12.100000000000001,2.0
1,1,10.100000000000001,1.0
1,1,4.1000000000000005,1.0
1,0,NaN,NaN
1,0,NaN,NaN
8,6,8.1,2.0
1,0,NaN,NaN
1,0,NaN,NaN
1,0,NaN,NaN
6,6,4.1000000000000005,3.0
1,1,9.1,1.0
2,2,7.1000000000000005,2.0
1,1,10.100000000000001,1.0
1,0,NaN,NaN
1,0,NaN,NaN
1,1,5.1000000000000005,1.0
1,0,NaN,NaN
1,1,9.1,1.0
52,41,4.1000000000000005,6.0
1,1,5.1000000000000005,1.0
1,0,NaN,NaN
1,0,NaN,NaN
1,0,NaN,NaN
1,0,NaN,NaN
1,1,3.1,1.0
1,0,NaN,NaN
1,0,NaN,NaN
1,1,10.100000000000001,1.0
1,0,NaN,NaN
1,0,NaN,NaN
1,0,NaN,NaN
1,1,4.1000000000000005,1.0
1,0,NaN,NaN
1,1,7.1000000000000005,1.0
1,1,7.1000000000000005,1.0
2,1,3.1,1.0
1,0,NaN,NaN
1,0,NaN,NaN
2,1,10.100000000000001,2.0
1,1,7.1000000000000005,1.0
1,0,NaN,NaN
1,1,2.1,1.0
1,1,7.1000000000000005,1.0
1,0,NaN,NaN
1,1,7.1000000000000005,1.0
1,0,NaN,NaN
19,14,13.100000000000001,11.0
2,0,NaN,NaN
1,1,6.1000000000000005,1.0
1,0,NaN,NaN
25,9,6.1000000000000005,7.0
25,20,8.1,19.0
1,1,6.1000000000000005,1.0
1,0,NaN,NaN
1,0,NaN,NaN
1,0,NaN,NaN
1,1,12.100000000000001,1.0
1,1,7.1000000000000005,1.0
1,1,10.100000000000001,1.0
2,1,20.1,2.0
1,0,NaN,NaN
1,0,NaN,NaN
1,0,NaN,NaN
1,0,NaN,NaN
1,0,NaN,NaN
1,1,14.100000000000001,1.0
1,0,NaN,NaN
1,0,NaN,NaN
1,1,9.1,1.0
2,1,10.100000000000001,2.0
1,0,NaN,NaN
1,1,3.1,1.0
1,1,14.100000000000001,1.0
1,0,NaN,NaN
1,0,NaN,NaN
8,7,13.100000000000001,6.0
1,1,7.1000000000000005,1.0
1,0,NaN,NaN
1,1,11.100000000000001,1.0
1,1,14.100000000000001,1.0
1,0,NaN,NaN
1,1,10.100000000000001,1.0
2,1,11.100000000000001,2.0
1,0,NaN,NaN
2,1,16.1,2.0
1,1,6.1000000000000005,1.0
1,1,5.1000000000000005,1.0
1,0,NaN,NaN
24,21,14.100000000000001,19.0
1,0,NaN,NaN
1,1,7.1000000000000005,1.0
1,1,7.1000000000000005,1.0
1,0,NaN,NaN
3,2,8.1,3.0
1,0,NaN,NaN
3,3,8.1,3.0
6,3,7.1000000000000005,2.0
2,1,15.100000000000001,2.0
1,1,7.1000000000000005,1.0
1,0,NaN,NaN
1,0,NaN,NaN
3,0,NaN,NaN
1,1,6.1000000000000005,1.0
1,0,NaN,NaN
1,0,NaN,NaN
1,1,9.1,1.0
1,0,NaN,NaN
1,1,7.1000000000000005,1.0
1,0,NaN,NaN
1,1,10.100000000000001,1.0
2,1,6.1000000000000005,2.0
15,11,7.1000000000000005,5.0
1,1,8.1,1.0
1,1,8.1,1.0
2,1,6.1000000000000005,2.0
1,1,7.1000000000000005,1.0
1,1,6.1000000000000005,1.0
1,1,4.1000000000000005,1.0
1,0,NaN,NaN
1,0,NaN,NaN
2,2,6.1000000000000005,1.0
1,0,NaN,NaN
1,1,13.100000000000001,1.0
1,1,7.1000000000000005,1.0
1,0,NaN,NaN
1,1,5.1000000000000005,1.0
1,1,6.1000000000000005,1.0
1,1,4.1000000000000005,1.0
1,1,6.1000000000000005,1.0
22,21,8.1,8.0
1,1,14.100000000000001,1.0
1,0,NaN,NaN
1,1,5.1000000000000005,1.0
1,0,NaN,NaN
3,2,4.1000000000000005,2.0
1,1,6.1000000000000005,1.0
1,1,7.1000000000000005,1.0
1,1,7.1000000000000005,1.0
1,1,4.1000000000000005,1.0
1,1,10.100000000000001,1.0
1,1,4.1000000000000005,1.0
3,2,8.1,1.0
1,1,3.1,1.0
2,0,NaN,NaN
1,0,NaN,NaN
1,1,8.1,1.0
13,9,6.1000000000000005,3.0
1,0,NaN,NaN
1,0,NaN,NaN
20,19,6.1000000000000005,5.0
6,3,15.100000000000001,5.0
2,2,7.1000000000000005,2.0
1,0,NaN,NaN
1,0,NaN,NaN
1,1,4.1000000000000005,1.0
2,1,5.1000000000000005,1.0
1,0,NaN,NaN
1,0,NaN,NaN
1,0,NaN,NaN
1,1,7.1000000000000005,1.0
1,0,NaN,NaN
1,1,7.1000000000000005,1.0
1,1,5.1000000000000005,1.0
1,1,10.100000000000001,1.0
1,1,7.1000000000000005,1.0
3,1,9.1,3.0
1,0,NaN,NaN
5,2,6.1000000000000005,2.0
3,3,7.1000000000000005,3.0
2,1,14.100000000000001,2.0
1,1,5.1000000000000005,1.0
1,1,6.1000000000000005,1.0
1,1,7.1000000000000005,1.0
1,1,20.1,1.0
2,0,NaN,NaN
1,1,3.1,1.0
6,3,6.1000000000000005,1.0
1,0,NaN,NaN
1,0,NaN,NaN
1,1,6.1000000000000005,1.0
1,1,7.1000000000000005,1.0
1,1,8.1,1.0
2,2,6.1000000000000005,2.0
1,0,NaN,NaN
7,0,NaN,NaN
1,0,NaN,NaN
1,0,NaN,NaN
1,1,7.1000000000000005,1.0
2,2,4.1000000000000005,1.0
1,1,5.1000000000000005,1.0
1,0,NaN,NaN
1,1,7.1000000000000005,1.0
1,1,3.1,1.0
1,0,NaN,NaN
1,0,NaN,NaN
1,0,NaN,NaN
1,0,NaN,NaN
1,0,NaN,NaN
1,1,13.100000000000001,1.0
1,1,7.1000000000000005,1.0
14,14,6.1000000000000005,12.0
1,1,8.1,1.0
1,1,7.1000000000000005,1.0
1,1,6.1000000000000005,1.0
1,1,4.1000000000000005,1.0
1,0,NaN,NaN
2,1,12.100000000000001,2.0
1,1,6.1000000000000005,1.0
2,2,5.1000000000000005,2.0
1,1,7.1000000000000005,1.0
1,1,8.1,1.0
1,0,NaN,NaN
1,1,7.1000000000000005,1.0
3,2,16.1,3.0
1,0,NaN,NaN
1,1,7.1000000000000005,1.0
3,3,6.1000000000000005,2.0
1,0,NaN,NaN
1,1,13.100000000000001,1.0
1,1,7.1000000000000005,1.0
1,1,6.1000000000000005,1.0
1,1,8.1,1.0
1,1,6.1000000000000005,1.0
1,1,5.1000000000000005,1.0
18,17,4.1000000000000005,9.0
1,1,9.1,1.0
1,1,3.1,1.0
1,0,NaN,NaN
1,0,NaN,NaN
1,1,6.1000000000000005,1.0
1,0,NaN,NaN
2,2,8.1,2.0
1,0,NaN,NaN
1,0,NaN,NaN
1,0,NaN,NaN
1,0,NaN,NaN
1,0,NaN,NaN
1,1,3.1,1.0
1,1,8.1,1.0
1,1,6.1000000000000005,1.0
4,3,5.1000000000000005,4.0
1,1,7.1000000000000005,1.0
1,0,NaN,NaN
3,2,5.1000000000000005,3.0
1,0,NaN,NaN
1,0,NaN,NaN
1,1,19.1,1.0
1,1,7.1000000000000005,1.0
1,1,12.100000000000001,1.0
1,1,9.1,1.0
1,1,12.100000000000001,1.0
1,0,NaN,NaN
10,5,13.100000000000001,9.0
1,1,7.1000000000000005,1.0
1,1,7.1000000000000005,1.0
1,1,6.1000000000000005,1.0
1,0,NaN,NaN
1,1,5.1000000000000005,1.0
1,1,4.1000000000000005,1.0
1,1,7.1000000000000005,1.0
2,0,NaN,NaN
1,0,NaN,NaN
1,0,NaN,NaN
1,0,NaN,NaN
1,1,9.1,1.0
2,0,NaN,NaN
2,2,6.1000000000000005,2.0
1,1,6.1000000000000005,1.0
8,3,12.100000000000001,7.0
11,8,10.100000000000001,8.0
1,0,NaN,NaN
1,0,NaN,NaN
1,1,3.1,1.0
1,1,6.1000000000000005,1.0
36,30,3.1,2.0
1,1,14.100000000000001,1.0
1,1,7.1000000000000005,1.0
1,1,6.1000000000000005,1.0
1,1,9.1,1.0
1,1,6.1000000000000005,1.0
1,1,7.1000000000000005,1.0
1,1,10.100000000000001,1.0
1,0,NaN,NaN
1,1,7.1000000000000005,1.0
2,2,12.100000000000001,2.0
37,33,8.1,14.0
1,1,5.1000000000000005,1.0
3,2,4.1000000000000005,2.0
1,0,NaN,NaN
1,0,NaN,NaN
16,6,12.100000000000001,11.0
1,1,4.1000000000000005,1.0
5,4,11.100000000000001,3.0
1,0,NaN,NaN
3,1,12.100000000000001,3.0
1,0,NaN,NaN
1,1,7.1000000000000005,1.0
1,1,3.1,1.0
1,0,NaN,NaN
1,1,7.1000000000000005,1.0
1,1,11.100000000000001,1.0
4,1,26.1,4.0
5,2,8.1,5.0
1,0,NaN,NaN
1,0,NaN,NaN
1,1,6.1000000000000005,1.0
1,1,7.1000000000000005,1.0
1,1,4.1000000000000005,1.0
1,1,8.1,1.0
15,5,8.1,2.0
2,0,NaN,NaN
1,0,NaN,NaN
2,1,14.100000000000001,2.0
1,1,7.1000000000000005,1.0
2,2,8.1,2.0
1,1,7.1000000000000005,1.0
1,1,10.100000000000001,1.0
3,2,23.1,3.0
2,2,8.1,2.0
10,5,3.1,1.0
10,6,5.1000000000000005,3.0
1,1,17.1,1.0
1,0,NaN,NaN
3,1,4.1000000000000005,2.0
1,1,6.1000000000000005,1.0
2,0,NaN,NaN
1,0,NaN,NaN
1,0,NaN,NaN
1,1,7.1000000000000005,1.0
1,1,10.100000000000001,1.0
3,1,4.1000000000000005,2.0
39,30,10.100000000000001,8.0
1,0,NaN,NaN
1,0,NaN,NaN
31,23,6.1000000000000005,15.0
17,10,8.1,8.0
1,1,3.1,1.0
1,1,4.1000000000000005,1.0
20,11,8.1,10.0
1,0,NaN,NaN
1,1,14.100000000000001,1.0
1,0,NaN,NaN
13,12,5.1000000000000005,2.0
1,1,7.1000000000000005,1.0
1,0,NaN,NaN
2,1,7.1000000000000005,2.0
24,17,5.1000000000000005,2.0
1,1,7.1000000000000005,1.0
1,0,NaN,NaN
1,0,NaN,NaN
2,2,5.1000000000000005,2.0
1,1,4.1000000000000005,1.0
1,0,NaN,NaN
1,1,9.1,1.0
1,1,6.1000000000000005,1.0
42,37,12.100000000000001,2.0
1,0,NaN,NaN
2,1,22.1,2.0
1,1,7.1000000000000005,1.0
1,0,NaN,NaN
28,25,13.100000000000001,4.0
1,1,7.1000000000000005,1.0
1,1,7.1000000000000005,1.0
1,1,6.1000000000000005,1.0
1,1,7.1000000000000005,1.0
3,1,9.1,2.0
12,5,6.1000000000000005,12.0
1,0,NaN,NaN
1,0,NaN,NaN
1,0,NaN,NaN
2,1,9.1,2.0
1,0,NaN,NaN
1,0,NaN,NaN
1,1,4.1000000000000005,1.0
3,2,18.1,3.0
2,1,17.1,2.0
1,0,NaN,NaN
1,0,NaN,NaN
1,0,NaN,NaN
1,1,7.1000000000000005,1.0
3,1,16.1,3.0
1,0,NaN,NaN
1,1,3.1,1.0
1,1,8.1,1.0
13,5,7.1000000000000005,9.0
1,0,NaN,NaN
19,12,14.100000000000001,6.0
2,2,6.1000000000000005,1.0
1,0,NaN,NaN
1,1,8.1,1.0
3,3,8.1,3.0
1,0,NaN,NaN
1,1,9.1,1.0
1,1,6.1000000000000005,1.0
1,0,NaN,NaN
1,1,6.1000000000000005,1.0
1,0,NaN,NaN
1,0,NaN,NaN
1,1,13.100000000000001,1.0
1,1,3.1,1.0
1,0,NaN,NaN
4,1,9.1,4.0
1,1,7.1000000000000005,1.0
1,1,7.1000000000000005,1.0
1,0,NaN,NaN
1,0,NaN,NaN
1,0,NaN,NaN
1,1,6.1000000000000005,1.0
1,1,6.1000000000000005,1.0
1,1,7.1000000000000005,1.0
1,0,NaN,NaN
1,0,NaN,NaN
1,1,7.1000000000000005,1.0
2,0,NaN,NaN
1,1,9.1,1.0
2,1,20.1,2.0
1,1,7.1000000000000005,1.0
1,1,4.1000000000000005,1.0
1,0,NaN,NaN
4,2,18.1,4.0
1,0,NaN,NaN
1,1,14.100000000000001,1.0
2,1,20.1,2.0
1,1,7.1000000000000005,1.0
1,0,NaN,NaN
9,6,16.1,4.0
1,1,5.1000000000000005,1.0
1,0,NaN,NaN
2,1,3.1,1.0
1,0,NaN,NaN
5,2,6.1000000000000005,5.0
1,1,7.1000000000000005,1.0
1,0,NaN,NaN
3,3,17.1,3.0
1,1,3.1,1.0
3,1,4.1000000000000005,1.0
1,1,6.1000000000000005,1.0
3,3,4.1000000000000005,2.0
8,5,15.100000000000001,8.0
1,0,NaN,NaN
1,0,NaN,NaN
1,1,8.1,1.0
1,1,6.1000000000000005,1.0
1,0,NaN,NaN
1,1,6.1000000000000005,1.0
1,1,9.1,1.0
1,0,NaN,NaN
1,0,NaN,NaN
9,9,7.1000000000000005,8.0
1,1,7.1000000000000005,1.0
5,4,12.100000000000001,5.0
1,1,5.1000000000000005,1.0
1,0,NaN,NaN
1,1,6.1000000000000005,1.0
1,1,3.1,1.0
1,0,NaN,NaN
1,1,10.100000000000001,1.0
16,13,6.1000000000000005,6.0
1,0,NaN,NaN
1,1,5.1000000000000005,1.0
1,0,NaN,NaN
1,0,NaN,NaN
1,1,6.1000000000000005,1.0
1,1,3.1,1.0
1,0,NaN,NaN
1,0,NaN,NaN
4,2,7.1000000000000005,4.0
1,1,8.1,1.0
1,1,8.1,1.0
1,1,9.1,1.0
1,0,NaN,NaN
1,0,NaN,NaN
1,0,NaN,NaN
1,0,NaN,NaN
4,3,10.100000000000001,4.0
19,17,7.1000000000000005,2.0
2,0,NaN,NaN
1,1,10.100000000000001,1.0
1,1,7.1000000000000005,1.0
1,1,5.1000000000000005,1.0
1,0,NaN,NaN
1,0,NaN,NaN
3,2,11.100000000000001,3.0
1,1,4.1000000000000005,1.0
1,1,3.1,1.0
1,0,NaN,NaN
1,1,2.1,1.0
1,0,NaN,NaN
1,1,7.1000000000000005,1.0
21,17,7.1000000000000005,2.0
1,1,8.1,1.0
1,1,8.1,1.0
7,3,12.100000000000001,7.0
1,0,NaN,NaN
1,1,6.1000000000000005,1.0
1,1,9.1,1.0
2,1,5.1000000000000005,1.0
1,1,7.1000000000000005,1.0
1,1,7.1000000000000005,1.0
1,1,10.100000000000001,1.0
1,1,7.1000000000000005,1.0
1,0,NaN,NaN
1,1,4.1000000000000005,1.0
1,1,6.1000000000000005,1.0
1,0,NaN,NaN
1,1,8.1,1.0
1,1,5.1000000000000005,1.0
14,12,9.1,4.0
2,2,11.100000000000001,2.0
1,0,NaN,NaN
1,1,4.1000000000000005,1.0
1,0,NaN,NaN
2,0,NaN,NaN
3,2,8.1,3.0
1,0,NaN,NaN
1,1,7.1000000000000005,1.0
1,1,5.1000000000000005,1.0
1,0,NaN,NaN
1,1,4.1000000000000005,1.0
1,0,NaN,NaN
1,1,5.1000000000000005,1.0
1,1,3.1,1.0
1,1,7.1000000000000005,1.0
1,0,NaN,NaN
2,1,15.100000000000001,2.0
1,1,7.1000000000000005,1.0
1,1,5.1000000000000005,1.0
1,0,NaN,NaN
1,0,NaN,NaN
2,2,9.1,1.0
1,1,6.1000000000000005,1.0
1,1,6.1000000000000005,1.0
1,1,10.100000000000001,1.0
1,0,NaN,NaN
1,0,NaN,NaN
1,1,9.1,1.0
1,0,NaN,NaN
1,0,NaN,NaN
1,0,NaN,NaN
1,1,6.1000000000000005,1.0
1,0,NaN,NaN
1,0,NaN,NaN
3,1,13.100000000000001,3.0
1,1,5.1000000000000005,1.0
1,0,NaN,NaN
1,1,9.1,1.0
34,25,6.1000000000000005,1.0
1,0,NaN,NaN
1,1,4.1000000000000005,1.0
1,0,NaN,NaN
1,1,8.1,1.0
1,0,NaN,NaN
1,1,5.1000000000000005,1.0
1,1,5.1000000000000005,1.0
1,0,NaN,NaN
1,1,3.1,1.0
1,1,13.100000000000001,1.0
1,1,9.1,1.0
1,0,NaN,NaN
2,1,16.1,2.0
1,1,4.1000000000000005,1.0
33,26,8.1,9.0
21,12,8.1,12.0
1,1,4.1000000000000005,1.0
19,12,10.100000000000001,16.0
11,8,5.1000000000000005,5.0
1,0,NaN,NaN
1,0,NaN,NaN
1,1,5.1000000000000005,1.0
1,0,NaN,NaN
1,0,NaN,NaN
1,1,8.1,1.0
1,0,NaN,NaN
2,1,16.1,2.0
1,1,3.1,1.0
1,1,4.1000000000000005,1.0
1,0,NaN,NaN
1,1,8.1,1.0
1,1,7.1000000000000005,1.0
1,0,NaN,NaN
1,0,NaN,NaN
1,1,4.1000000000000005,1.0
1,1,5.1000000000000005,1.0
1,1,5.1000000000000005,1.0
1,1,7.1000000000000005,1.0
1,1,14.100000000000001,1.0
1,1,5.1000000000000005,1.0
1,0,NaN,NaN
30,27,11.100000000000001,23.0
8,7,9.1,6.0
1,0,NaN,NaN
8,4,7.1000000000000005,5.0
1,1,14.100000000000001,1.0
2,0,NaN,NaN
1,0,NaN,NaN
1,1,7.1000000000000005,1.0
1,0,NaN,NaN
1,1,8.1,1.0
2,1,18.1,2.0
1,0,NaN,NaN
11,11,6.1000000000000005,2.0
1,0,NaN,NaN
1,0,NaN,NaN
1,1,2.1,1.0
1,1,6.1000000000000005,1.0
1,1,6.1000000000000005,1.0
1,1,6.1000000000000005,1.0
1,1,5.1000000000000005,1.0
1,0,NaN,NaN
3,1,14.100000000000001,3.0
3,2,7.1000000000000005,3.0
2,2,5.1000000000000005,1.0
1,0,NaN,NaN
6,3,16.1,6.0
1,1,6.1000000000000005,1.0
2,2,6.1000000000000005,1.0
1,1,7.1000000000000005,1.0
1,0,NaN,NaN
5,1,2.1,1.0
1,0,NaN,NaN
1,1,6.1000000000000005,1.0
1,0,NaN,NaN
1,1,7.1000000000000005,1.0
1,1,5.1000000000000005,1.0
1,0,NaN,NaN
9,7,6.1000000000000005,8.0
1,1,7.1000000000000005,1.0
1,1,7.1000000000000005,1.0
40,34,8.1,5.0
2,1,11.100000000000001,2.0
1,1,5.1000000000000005,1.0
1,1,5.1000000000000005,1.0
1,1,4.1000000000000005,1.0
1,0,NaN,NaN
1,1,5.1000000000000005,1.0
1,1,7.1000000000000005,1.0
2,1,14.100000000000001,2.0
3,2,6.1000000000000005,3.0
1,1,6.1000000000000005,1.0
2,1,10.100000000000001,2.0
6,6,5.1000000000000005,2.0
1,1,7.1000000000000005,1.0
1,0,NaN,NaN
1,1,4.1000000000000005,1.0
1,0,NaN,NaN
1,0,NaN,NaN
1,1,7.1000000000000005,1.0
1,0,NaN,NaN
1,1,7.1000000000000005,1.0
1,1,8.1,1.0
1,1,8.1,1.0
1,0,NaN,NaN
1,0,NaN,NaN
3,1,6.1000000000000005,3.0
2,1,7.1000000000000005,2.0
1,1,13.100000000000001,1.0
1,0,NaN,NaN
1,0,NaN,NaN
1,1,8.1,1.0
1,0,NaN,NaN
2,1,12.100000000000001,2.0
7,3,8.1,7.0
7,2,18.1,6.0
6,2,12.100000000000001,6.0
2,1,14.100000000000001,2.0
1,1,7.1000000000000005,1.0
1,0,NaN,NaN
1,0,NaN,NaN
1,1,7.1000000000000005,1.0
2,0,NaN,NaN
1,0,NaN,NaN
1,1,5.1000000000000005,1.0
9,8,12.100000000000001,8.0
1,0,NaN,NaN
1,0,NaN,NaN
1,0,NaN,NaN
1,1,9.1,1.0
2,0,NaN,NaN
1,1,12.100000000000001,1.0
1,1,4.1000000000000005,1.0
1,1,7.1000000000000005,1.0
1,1,7.1000000000000005,1.0
2,0,NaN,NaN
1,0,NaN,NaN
8,3,11.100000000000001,6.0
1,0,NaN,NaN
1,0,NaN,NaN
62,53,10.100000000000001,40.0
1,0,NaN,NaN
8,6,5.1000000000000005,3.0
1,0,NaN,NaN
2,2,4.1000000000000005,2.0
1,1,7.1000000000000005,1.0
1,1,6.1000000000000005,1.0
1,1,6.1000000000000005,1.0
1,1,5.1000000000000005,1.0
1,0,NaN,NaN
1,1,3.1,1.0
1,0,NaN,NaN
2,0,NaN,NaN
1,1,3.1,1.0
1,1,8.1,1.0
17,4,12.100000000000001,5.0
1,0,NaN,NaN
1,0,NaN,NaN
1,0,NaN,NaN
1,1,7.1000000000000005,1.0
2,2,7.1000000000000005,2.0
1,1,6.1000000000000005,1.0
1,0,NaN,NaN
1,1,7.1000000000000005,1.0
1,1,4.1000000000000005,1.0
2,1,6.1000000000000005,2.0
1,0,NaN,NaN
13,5,7.1000000000000005,5.0
1,1,6.1000000000000005,1.0
1,0,NaN,NaN
3,2,15.100000000000001,3.0
2,2,5.1000000000000005,1.0
1,0,NaN,NaN
1,0,NaN,NaN
1,1,12.100000000000001,1.0
1,1,8.1,1.0
5,4,11.100000000000001,5.0
1,0,NaN,NaN
1,1,5.1000000000000005,1.0
1,0,NaN,NaN
1,1,10.100000000000001,1.0
1,0,NaN,NaN
2,1,14.100000000000001,2.0
3,1,9.1,3.0
1,0,NaN,NaN
1,0,NaN,NaN
2,2,12.100000000000001,2.0
1,1,4.1000000000000005,1.0
1,1,7.1000000000000005,1.0
1,0,NaN,NaN
1,1,5.1000000000000005,1.0
1,1,7.1000000000000005,1.0
2,1,7.1000000000000005,2.0
1,0,NaN,NaN
1,1,5.1000000000000005,1.0
1,0,NaN,NaN
1,0,NaN,NaN
1,1,4.1000000000000005,1.0
1,0,NaN,NaN
1,1,8.1,1.0
1,0,NaN,NaN
3,0,NaN,NaN
1,0,NaN,NaN
1,0,NaN,NaN
1,0,NaN,NaN
1,0,NaN,NaN
2,2,7.1000000000000005,2.0
1,1,7.1000000000000005,1.0
1,1,4.1000000000000005,1.0
1,0,NaN,NaN
1,0,NaN,NaN
1,1,7.1000000000000005,1.0
1,1,10.100000000000001,1.0
1,0,NaN,NaN
1,1,14.100000000000001,1.0
15,14,6.1000000000000005,13.0
1,1,6.1000000000000005,1.0
26,20,4.1000000000000005,3.0
4,1,16.1,4.0
1,0,NaN,NaN
1,1,12.100000000000001,1.0
1,0,NaN,NaN
1,0,NaN,NaN
1,1,8.1,1.0
24,18,14.100000000000001,4.0
1,1,7.1000000000000005,1.0
1,1,8.1,1.0
1,0,NaN,NaN
29,20,12.100000000000001,5.0
1,0,NaN,NaN
1,0,NaN,NaN
1,0,NaN,NaN
1,1,4.1000000000000005,1.0
1,1,9.1,1.0
35,28,8.1,6.0
4,2,12.100000000000001,4.0
14,13,9.1,11.0
1,1,4.1000000000000005,1.0
1,0,NaN,NaN
1,1,7.1000000000000005,1.0
1,0,NaN,NaN
1,0,NaN,NaN
12,9,5.1000000000000005,4.0
1,0,NaN,NaN
1,0,NaN,NaN
1,0,NaN,NaN
1,1,7.1000000000000005,1.0
1,1,6.1000000000000005,1.0
1,0,NaN,NaN
1,1,7.1000000000000005,1.0
1,1,8.1,1.0
1,1,7.1000000000000005,1.0
2,1,9.1,2.0
1,0,NaN,NaN
1,0,NaN,NaN
1,0,NaN,NaN
1,0,NaN,NaN
1,1,7.1000000000000005,1.0
1,1,3.1,1.0
2,2,7.1000000000000005,1.0
1,1,3.1,1.0
1,1,3.1,1.0
6,3,17.1,5.0
1,0,NaN,NaN
1,1,6.1000000000000005,1.0
1,0,NaN,NaN
1,1,11.100000000000001,1.0
1,0,NaN,NaN
1,1,8.1,1.0
1,1,8.1,1.0
5,3,8.1,5.0
1,0,NaN,NaN
1,0,NaN,NaN
1,0,NaN,NaN
1,1,5.1000000000000005,1.0
1,1,3.1,1.0
1,1,5.1000000000000005,1.0
1,1,8.1,1.0
1,0,NaN,NaN
16,16,6.1000000000000005,8.0
1,1,7.1000000000000005,1.0
5,3,12.100000000000001,4.0
19,16,6.1000000000000005,9.0
2,1,12.100000000000001,2.0
1,1,13.100000000000001,1.0
1,1,8.1,1.0
1,1,10.100000000000001,1.0
10,4,12.100000000000001,9.0
1,0,NaN,NaN
1,1,7.1000000000000005,1.0
1,1,7.1000000000000005,1.0
1,0,NaN,NaN
1,1,7.1000000000000005,1.0
1,0,NaN,NaN
1,1,4.1000000000000005,1.0
1,1,8.1,1.0
1,0,NaN,NaN
1,1,7.1000000000000005,1.0
1,1,7.1000000000000005,1.0
1,0,NaN,NaN
2,1,22.1,2.0
1,0,NaN,NaN
1,1,4.1000000000000005,1.0
21,16,8.1,6.0
1,1,6.1000000000000005,1.0
1,0,NaN,NaN
1,0,NaN,NaN
4,4,4.1000000000000005,4.0
1,1,3.1,1.0
1,0,NaN,NaN
1,0,NaN,NaN
1,0,NaN,NaN
1,1,5.1000000000000005,1.0
1,0,NaN,NaN
1,0,NaN,NaN
1,1,6.1000000000000005,1.0
1,1,7.1000000000000005,1.0
1,1,8.1,1.0
1,0,NaN,NaN
1,1,13.100000000000001,1.0
11,10,16.1,9.0
1,0,NaN,NaN
1,1,7.1000000000000005,1.0
1,0,NaN,NaN
2,1,7.1000000000000005,2.0
23,18,17.1,21.0
9,5,9.1,7.0
1,1,9.1,1.0
1,1,7.1000000000000005,1.0
3,1,17.1,3.0
1,0,NaN,NaN
2,1,8.1,1.0
1,0,NaN,NaN
1,1,12.100000000000001,1.0
1,1,9.1,1.0
1,1,7.1000000000000005,1.0
4,3,15.100000000000001,4.0
1,1,5.1000000000000005,1.0
1,0,NaN,NaN
1,0,NaN,NaN
1,0,NaN,NaN
4,2,14.100000000000001,3.0
10,9,5.1000000000000005,2.0
1,1,7.1000000000000005,1.0
9,9,5.1000000000000005,7.0
3,1,11.100000000000001,3.0
1,1,7.1000000000000005,1.0
41,31,6.1000000000000005,12.0
2,1,6.1000000000000005,2.0
1,0,NaN,NaN
1,1,4.1000000000000005,1.0
1,0,NaN,NaN
1,1,7.1000000000000005,1.0
1,1,9.1,1.0
1,0,NaN,NaN
1,0,NaN,NaN
1,1,5.1000000000000005,1.0
1,1,5.1000000000000005,1.0
1,1,8.1,1.0
5,2,9.1,5.0
1,0,NaN,NaN
1,1,6.1000000000000005,1.0
1,0,NaN,NaN
3,2,7.1000000000000005,3.0
1,1,7.1000000000000005,1.0
1,1,8.1,1.0
1,0,NaN,NaN
1,1,7.1000000000000005,1.0
1,1,6.1000000000000005,1.0
10,9,6.1000000000000005,9.0
1,0,NaN,NaN
1,0,NaN,NaN
1,0,NaN,NaN
1,0,NaN,NaN
1,0,NaN,NaN
2,0,NaN,NaN
1,1,6.1000000000000005,1.0
1,1,4.1000000000000005,1.0
1,0,NaN,NaN
1,0,NaN,NaN
1,1,4.1000000000000005,1.0
1,0,NaN,NaN
1,1,8.1,1.0
1,0,NaN,NaN
1,0,NaN,NaN
2,2,16.1,2.0
11,6,6.1000000000000005,2.0
1,1,7.1000000000000005,1.0
22,21,9.1,9.0
1,1,10.100000000000001,1.0
1,1,7.1000000000000005,1.0
1,0,NaN,NaN
2,1,7.1000000000000005,2.0
1,1,6.1000000000000005,1.0
1,1,9.1,1.0
1,0,NaN,NaN
1,0,NaN,NaN
2,0,NaN,NaN
4,4,9.1,3.0
3,2,8.1,3.0
1,0,NaN,NaN
1,1,8.1,1.0
1,1,3.1,1.0
36,25,9.1,4.0
1,1,10.100000000000001,1.0
1,1,8.1,1.0
1,1,5.1000000000000005,1.0
35,26,9.1,8.0
1,1,12.100000000000001,1.0
2,1,7.1000000000000005,2.0
2,1,7.1000000000000005,1.0
1,1,6.1000000000000005,1.0
8,6,8.1,4.0
30,25,6.1000000000000005,11.0
1,0,NaN,NaN
1,0,NaN,NaN
1,0,NaN,NaN
1,1,7.1000000000000005,1.0
1,1,5.1000000000000005,1.0
3,1,7.1000000000000005,3.0
1,0,NaN,NaN
1,1,9.1,1.0
1,0,NaN,NaN
1,1,8.1,1.0
1,1,14.100000000000001,1.0
5,3,11.100000000000001,4.0
1,1,8.1,1.0
5,5,5.1000000000000005,2.0
1,0,NaN,NaN
1,0,NaN,NaN
12,6,4.1000000000000005,4.0
1,1,10.100000000000001,1.0
1,1,5.1000000000000005,1.0
1,1,9.1,1.0
1,0,NaN,NaN
1,1,6.1000000000000005,1.0
1,1,5.1000000000000005,1.0
1,1,7.1000000000000005,1.0
1,0,NaN,NaN
1,0,NaN,NaN
2,1,8.1,2.0
1,1,9.1,1.0
1,0,NaN,NaN
1,0,NaN,NaN
11,7,10.100000000000001,11.0
1,1,3.1,1.0
1,1,10.100000000000001,1.0
1,0,NaN,NaN
1,0,NaN,NaN
1,0,NaN,NaN
1,1,4.1000000000000005,1.0
1,1,4.1000000000000005,1.0
1,0,NaN,NaN
1,1,7.1000000000000005,1.0
1,1,6.1000000000000005,1.0
1,1,6.1000000000000005,1.0
3,2,7.1000000000000005,3.0
1,1,8.1,1.0
1,0,NaN,NaN
4,2,8.1,4.0
1,1,6.1000000000000005,1.0
1,0,NaN,NaN
1,1,8.1,1.0
1,1,3.1,1.0
1,0,NaN,NaN
1,0,NaN,NaN
1,1,8.1,1.0
1,0,NaN,NaN
1,1,8.1,1.0
1,1,7.1000000000000005,1.0
1,1,7.1000000000000005,1.0
1,1,10.100000000000001,1.0
20,20,5.1000000000000005,4.0
1,1,4.1000000000000005,1.0
1,0,NaN,NaN
1,0,NaN,NaN
1,1,6.1000000000000005,1.0
1,0,NaN,NaN
1,1,19.1,1.0
1,1,8.1,1.0
1,1,7.1000000000000005,1.0
2,0,NaN,NaN
1,1,4.1000000000000005,1.0
1,0,NaN,NaN
1,1,4.1000000000000005,1.0
1,1,2.1,1.0
1,1,5.1000000000000005,1.0
1,0,NaN,NaN
1,1,8.1,1.0
1,0,NaN,NaN
2,0,NaN,NaN
9,8,7.1000000000000005,9.0
1,0,NaN,NaN
2,2,4.1000000000000005,2.0
1,0,NaN,NaN
3,3,5.1000000000000005,3.0
1,1,7.1000000000000005,1.0
1,1,13.100000000000001,1.0
1,0,NaN,NaN
1,0,NaN,NaN
1,0,NaN,NaN
1,0,NaN,NaN
1,1,3.1,1.0
1,0,NaN,NaN
34,21,20.1,13.0
1,0,NaN,NaN
1,1,12.100000000000001,1.0
1,0,NaN,NaN
1,1,12.100000000000001,1.0
1,0,NaN,NaN
3,1,5.1000000000000005,2.0
1,1,4.1000000000000005,1.0
1,1,9.1,1.0
2,1,11.100000000000001,2.0
1,0,NaN,NaN
1,0,NaN,NaN
2,2,4.1000000000000005,2.0
1,0,NaN,NaN
2,0,NaN,NaN
1,0,NaN,NaN
42,37,7.1000000000000005,17.0
1,1,5.1000000000000005,1.0
1,1,8.1,1.0
4,3,6.1000000000000005,3.0
1,1,11.100000000000001,1.0
1,1,7.1000000000000005,1.0
1,0,NaN,NaN
1,1,5.1000000000000005,1.0
1,0,NaN,NaN
25,15,11.100000000000001,7.0
10,5,9.1,6.0
1,1,6.1000000000000005,1.0
25,16,11.100000000000001,7.0
1,0,NaN,NaN
2,1,5.1000000000000005,2.0
1,0,NaN,NaN
1,0,NaN,NaN
3,0,NaN,NaN
1,0,NaN,NaN
1,0,NaN,NaN
1,0,NaN,NaN
28,25,14.100000000000001,10.0
1,1,8.1,1.0
1,1,7.1000000000000005,1.0
1,1,6.1000000000000005,1.0
1,1,9.1,1.0
1,0,NaN,NaN
16,7,10.100000000000001,9.0
4,2,3.1,3.0
4,1,13.100000000000001,4.0
1,0,NaN,NaN
2,1,10.100000000000001,2.0
1,1,7.1000000000000005,1.0
1,1,4.1000000000000005,1.0
1,1,6.1000000000000005,1.0
15,6,6.1000000000000005,4.0
1,0,NaN,NaN
1,1,8.1,1.0
1,1,5.1000000000000005,1.0
1,1,12.100000000000001,1.0
1,0,NaN,NaN
1,1,8.1,1.0
32,25,4.1000000000000005,2.0
1,1,4.1000000000000005,1.0
34,31,7.1000000000000005,3.0
1,1,8.1,1.0
1,1,7.1000000000000005,1.0
1,0,NaN,NaN
1,0,NaN,NaN
1,1,8.1,1.0
1,1,4.1000000000000005,1.0
1,0,NaN,NaN
3,0,NaN,NaN
1,0,NaN,NaN
4,2,20.1,3.0
1,0,NaN,NaN
1,0,NaN,NaN
1,0,NaN,NaN
1,1,9.1,1.0
6,4,9.1,5.0
4,3,11.100000000000001,2.0
1,1,12.100000000000001,1.0
33,28,7.1000000000000005,5.0
1,0,NaN,NaN
9,7,12.100000000000001,7.0
1,1,13.100000000000001,1.0
1,1,4.1000000000000005,1.0
4,3,5.1000000000000005,2.0
1,1,5.1000000000000005,1.0
13,12,7.1000000000000005,3.0
1,1,7.1000000000000005,1.0
1,1,3.1,1.0
28,24,3.1,7.0
1,0,NaN,NaN
2,2,7.1000000000000005,2.0
1,0,NaN,NaN
1,0,NaN,NaN
1,1,7.1000000000000005,1.0
6,3,12.100000000000001,6.0
1,1,7.1000000000000005,1.0
1,1,6.1000000000000005,1.0
5,3,9.1,2.0
1,1,4.1000000000000005,1.0
1,1,3.1,1.0
1,1,8.1,1.0
1,0,NaN,NaN
4,1,19.1,4.0
1,1,7.1000000000000005,1.0
1,1,5.1000000000000005,1.0
1,0,NaN,NaN
12,10,8.1,7.0
1,1,8.1,1.0
1,1,4.1000000000000005,1.0
1,1,5.1000000000000005,1.0
1,1,5.1000000000000005,1.0
1,0,NaN,NaN
11,10,8.1,6.0
1,1,3.1,1.0
4,3,6.1000000000000005,2.0
1,0,NaN,NaN
1,1,9.1,1.0
1,1,6.1000000000000005,1.0
4,2,11.100000000000001,4.0
1,1,6.1000000000000005,1.0
2,1,23.1,2.0
3,2,24.1,3.0
1,0,NaN,NaN
1,0,NaN,NaN
1,1,5.1000000000000005,1.0
1,0,NaN,NaN
3,1,7.1000000000000005,3.0
1,0,NaN,NaN
1,1,5.1000000000000005,1.0
1,0,NaN,NaN
15,11,8.1,8.0
1,1,7.1000000000000005,1.0
2,1,7.1000000000000005,2.0
1,0,NaN,NaN
2,1,8.1,2.0
1,0,NaN,NaN
1,1,7.1000000000000005,1.0
16,12,11.100000000000001,7.0
1,0,NaN,NaN
1,1,6.1000000000000005,1.0
1,0,NaN,NaN
33,28,12.100000000000001,22.0
1,0,NaN,NaN
1,1,5.1000000000000005,1.0
1,1,5.1000000000000005,1.0
2,1,15.100000000000001,2.0
1,1,6.1000000000000005,1.0
1,0,NaN,NaN
4,0,NaN,NaN
2,1,14.100000000000001,2.0
1,0,NaN,NaN
1,0,NaN,NaN
1,0,NaN,NaN
1,0,NaN,NaN
1,1,10.100000000000001,1.0
1,0,NaN,NaN
1,1,3.1,1.0
1,0,NaN,NaN
1,1,10.100000000000001,1.0
1,1,4.1000000000000005,1.0
1,0,NaN,NaN
2,0,NaN,NaN
24,11,16.1,5.0
10,6,5.1000000000000005,5.0
1,0,NaN,NaN
34,16,14.100000000000001,11.0
1,1,7.1000000000000005,1.0
8,4,12.100000000000001,6.0
6,1,28.1,6.0
1,1,5.1000000000000005,1.0
1,0,NaN,NaN
1,1,7.1000000000000005,1.0
3,1,10.100000000000001,3.0
1,0,NaN,NaN
1,0,NaN,NaN
1,0,NaN,NaN
1,1,14.100000000000001,1.0
1,1,8.1,1.0
1,0,NaN,NaN
1,1,7.1000000000000005,1.0
1,1,4.1000000000000005,1.0
5,3,8.1,5.0
1,0,NaN,NaN
1,0,NaN,NaN
5,2,11.100000000000001,4.0
1,1,7.1000000000000005,1.0
2,0,NaN,NaN
1,0,NaN,NaN
1,0,NaN,NaN
2,1,4.1000000000000005,2.0
1,0,NaN,NaN
1,1,4.1000000000000005,1.0
1,1,5.1000000000000005,1.0
2,2,5.1000000000000005,1.0
1,0,NaN,NaN
1,1,7.1000000000000005,1.0
1,1,3.1,1.0
1,0,NaN,NaN
1,0,NaN,NaN
1,0,NaN,NaN
1,0,NaN,NaN
1,1,7.1000000000000005,1.0
1,0,NaN,NaN
1,1,6.1000000000000005,1.0
1,0,NaN,NaN
1,0,NaN,NaN
2,2,7.1000000000000005,2.0
1,0,NaN,NaN
1,0,NaN,NaN
3,2,23.1,3.0
1,1,9.1,1.0
1,0,NaN,NaN
1,0,NaN,NaN
1,1,4.1000000000000005,1.0
1,0,NaN,NaN
9,5,9.1,6.0
1,0,NaN,NaN
1,1,6.1000000000000005,1.0
1,0,NaN,NaN
11,10,11.100000000000001,8.0
2,1,12.100000000000001,2.0
1,1,9.1,1.0
1,0,NaN,NaN
1,1,7.1000000000000005,1.0
1,0,NaN,NaN
1,1,9.1,1.0
1,1,8.1,1.0
3,2,9.1,3.0
1,1,13.100000000000001,1.0
13,7,9.1,6.0
1,1,6.1000000000000005,1.0
34,23,14.100000000000001,8.0
1,1,7.1000000000000005,1.0
1,1,9.1,1.0
1,1,7.1000000000000005,1.0
1,0,NaN,NaN
1,1,10.100000000000001,1.0
5,2,4.1000000000000005,3.0
1,1,7.1000000000000005,1.0
1,0,NaN,NaN
1,0,NaN,NaN
1,1,7.1000000000000005,1.0
1,0,NaN,NaN
3,1,7.1000000000000005,2.0
1,1,8.1,1.0
1,0,NaN,NaN
1,0,NaN,NaN
1,1,6.1000000000000005,1.0
4,1,22.1,4.0
1,1,8.1,1.0
1,0,NaN,NaN
24,10,17.1,7.0
2,1,4.1000000000000005,2.0
1,0,NaN,NaN
1,1,8.1,1.0
1,0,NaN,NaN
1,1,7.1000000000000005,1.0
1,1,4.1000000000000005,1.0
1,0,NaN,NaN
1,1,14.100000000000001,1.0
5,4,14.100000000000001,5.0
1,1,5.1000000000000005,1.0
1,1,6.1000000000000005,1.0
1,1,8.1,1.0
22,22,4.1000000000000005,8.0
1,1,9.1,1.0
1,1,14.100000000000001,1.0
16,7,5.1000000000000005,4.0
1,0,NaN,NaN
1,1,6.1000000000000005,1.0
1,0,NaN,NaN
1,1,7.1000000000000005,1.0
1,0,NaN,NaN
1,0,NaN,NaN
10,10,11.100000000000001,9.0
1,0,NaN,NaN
1,1,4.1000000000000005,1.0
1,1,6.1000000000000005,1.0
1,1,6.1000000000000005,1.0
1,0,NaN,NaN
7,4,13.100000000000001,7.0
1,1,12.100000000000001,1.0
2,1,6.1000000000000005,1.0
1,1,5.1000000000000005,1.0
8,4,7.1000000000000005,4.0
2,2,7.1000000000000005,2.0
1,1,3.1,1.0
1,0,NaN,NaN
1,1,13.100000000000001,1.0
1,1,7.1000000000000005,1.0
1,1,6.1000000000000005,1.0
4,3,10.100000000000001,4.0
1,1,3.1,1.0
1,0,NaN,NaN
1,0,NaN,NaN
1,0,NaN,NaN
1,0,NaN,NaN
1,1,11.100000000000001,1.0
1,1,7.1000000000000005,1.0
1,1,5.1000000000000005,1.0
1,1,7.1000000000000005,1.0
1,0,NaN,NaN
1,1,10.100000000000001,1.0
1,1,7.1000000000000005,1.0
1,1,7.1000000000000005,1.0
3,3,7.1000000000000005,3.0
2,2,15.100000000000001,2.0
1,0,NaN,NaN
1,1,6.1000000000000005,1.0
1,0,NaN,NaN
1,0,NaN,NaN
3,1,15.100000000000001,3.0
1,0,NaN,NaN
1,0,NaN,NaN
1,0,NaN,NaN
1,0,NaN,NaN
1,1,16.1,1.0
9,4,6.1000000000000005,2.0
1,1,7.1000000000000005,1.0
1,1,9.1,1.0
1,1,5.1000000000000005,1.0
1,1,13.100000000000001,1.0
1,1,3.1,1.0
1,1,7.1000000000000005,1.0
1,0,NaN,NaN
1,0,NaN,NaN
1,1,4.1000000000000005,1.0
1,0,NaN,NaN
6,3,4.1000000000000005,3.0
1,1,4.1000000000000005,1.0
1,0,NaN,NaN
1,1,8.1,1.0
7,7,6.1000000000000005,6.0
1,0,NaN,NaN
1,1,10.100000000000001,1.0
12,10,17.1,11.0
1,1,3.1,1.0
1,0,NaN,NaN
1,1,5.1000000000000005,1.0
6,3,10.100000000000001,6.0
1,1,8.1,1.0
1,1,8.1,1.0
9,0,NaN,NaN
1,1,4.1000000000000005,1.0
1,1,10.100000000000001,1.0
1,0,NaN,NaN
4,2,5.1000000000000005,4.0
1,1,6.1000000000000005,1.0
1,0,NaN,NaN
1,0,NaN,NaN
1,0,NaN,NaN
1,1,5.1000000000000005,1.0
12,11,6.1000000000000005,9.0
1,1,6.1000000000000005,1.0
2,1,23.1,2.0
1,1,13.100000000000001,1.0
1,0,NaN,NaN
1,1,4.1000000000000005,1.0
21,19,6.1000000000000005,10.0
1,0,NaN,NaN
1,1,7.1000000000000005,1.0
1,0,NaN,NaN
1,0,NaN,NaN
1,0,NaN,NaN
1,0,NaN,NaN
1,1,9.1,1.0
1,1,7.1000000000000005,1.0
1,0,NaN,NaN
3,2,4.1000000000000005,1.0
1,0,NaN,NaN
1,1,4.1000000000000005,1.0
1,1,13.100000000000001,1.0
1,0,NaN,NaN
1,0,NaN,NaN
1,0,NaN,NaN
1,1,8.1,1.0
1,0,NaN,NaN
1,1,7.1000000000000005,1.0
1,0,NaN,NaN
1,0,NaN,NaN
1,1,14.100000000000001,1.0
1,0,NaN,NaN
1,0,NaN,NaN
38,31,12.100000000000001,12.0
1,1,6.1000000000000005,1.0
18,16,9.1,5.0
5,3,2.1,3.0
2,2,6.1000000000000005,2.0
1,1,8.1,1.0
2,1,12.100000000000001,2.0
1,1,8.1,1.0
1,1,6.1000000000000005,1.0
2,1,4.1000000000000005,2.0
1,1,7.1000000000000005,1.0
1,0,NaN,NaN
1,1,5.1000000000000005,1.0
1,0,NaN,NaN
31,20,11.100000000000001,6.0
4,2,11.100000000000001,4.0
1,0,NaN,NaN
1,1,8.1,1.0
1,0,NaN,NaN
1,1,4.1000000000000005,1.0
1,1,14.100000000000001,1.0
1,1,6.1000000000000005,1.0
1,0,NaN,NaN
4,1,17.1,4.0
4,2,18.1,4.0
2,0,NaN,NaN
1,0,NaN,NaN
1,1,5.1000000000000005,1.0
1,1,8.1,1.0
1,1,4.1000000000000005,1.0
1,0,NaN,NaN
1,1,3.1,1.0
1,0,NaN,NaN
1,0,NaN,NaN
1,1,13.100000000000001,1.0
1,1,8.1,1.0
1,1,15.100000000000001,1.0
1,1,6.1000000000000005,1.0
1,1,11.100000000000001,1.0
1,1,7.1000000000000005,1.0
1,0,NaN,NaN
1,1,12.100000000000001,1.0
1,1,5.1000000000000005,1.0
1,1,13.100000000000001,1.0
2,0,NaN,NaN
6,4,9.1,6.0
1,1,5.1000000000000005,1.0
1,0,NaN,NaN
2,0,NaN,NaN
1,0,NaN,NaN
1,0,NaN,NaN
1,0,NaN,NaN
3,3,8.1,3.0
1,0,NaN,NaN
7,4,10.100000000000001,3.0
1,0,NaN,NaN
1,0,NaN,NaN
1,1,5.1000000000000005,1.0
1,0,NaN,NaN
1,0,NaN,NaN
1,1,7.1000000000000005,1.0
1,1,5.1000000000000005,1.0
1,1,5.1000000000000005,1.0
1,0,NaN,NaN
2,1,13.100000000000001,2.0
1,1,15.100000000000001,1.0
1,0,NaN,NaN
1,0,NaN,NaN
1,1,7.1000000000000005,1.0
1,1,5.1000000000000005,1.0
1,1,6.1000000000000005,1.0
5,4,10.100000000000001,3.0
1,0,NaN,NaN
1,1,5.1000000000000005,1.0
1,1,8.1,1.0
2,2,7.1000000000000005,2.0
1,1,5.1000000000000005,1.0
1,0,NaN,NaN
1,1,6.1000000000000005,1.0
1,1,7.1000000000000005,1.0
17,16,6.1000000000000005,8.0
4,2,12.100000000000001,4.0
1,1,10.100000000000001,1.0
1,1,7.1000000000000005,1.0
1,1,5.1000000000000005,1.0
1,0,NaN,NaN
1,0,NaN,NaN
1,1,12.100000000000001,1.0
1,1,4.1000000000000005,1.0
1,0,NaN,NaN
1,0,NaN,NaN
1,0,NaN,NaN
1,0,NaN,NaN
2,0,NaN,NaN
3,3,5.1000000000000005,1.0
1,0,NaN,NaN
1,1,7.1000000000000005,1.0
1,1,10.100000000000001,1.0
1,1,12.100000000000001,1.0
2,1,9.1,2.0
1,1,3.1,1.0
3,2,11.100000000000001,3.0
1,0,NaN,NaN
35,30,7.1000000000000005,9.0
1,1,7.1000000000000005,1.0
1,1,13.100000000000001,1.0
1,1,6.1000000000000005,1.0
1,1,5.1000000000000005,1.0
2,0,NaN,NaN
1,1,6.1000000000000005,1.0
5,5,8.1,4.0
3,1,8.1,3.0
1,1,3.1,1.0
1,1,8.1,1.0
2,2,6.1000000000000005,1.0
1,1,4.1000000000000005,1.0
1,0,NaN,NaN
2,1,12.100000000000001,2.0
1,1,7.1000000000000005,1.0
1,1,14.100000000000001,1.0
1,1,8.1,1.0
1,0,NaN,NaN
1,0,NaN,NaN
1,0,NaN,NaN
2,2,9.1,2.0
32,26,7.1000000000000005,10.0
4,3,13.100000000000001,4.0
1,0,NaN,NaN
1,0,NaN,NaN
1,0,NaN,NaN
28,28,9.1,6.0
1,0,NaN,NaN
7,3,9.1,4.0
1,0,NaN,NaN
1,1,5.1000000000000005,1.0
1,1,9.1,1.0
17,8,14.100000000000001,11.0
1,0,NaN,NaN
1,1,5.1000000000000005,1.0
1,0,NaN,NaN
1,1,4.1000000000000005,1.0
1,0,NaN,NaN
2,2,5.1000000000000005,1.0
1,1,7.1000000000000005,1.0
12,10,9.1,4.0
1,0,NaN,NaN
8,2,11.100000000000001,6.0
11,5,16.1,7.0
1,0,NaN,NaN
4,1,14.100000000000001,4.0
1,1,4.1000000000000005,1.0
1,1,13.100000000000001,1.0
1,0,NaN,NaN
1,1,8.1,1.0
1,1,4.1000000000000005,1.0
2,0,NaN,NaN
1,0,NaN,NaN
1,0,NaN,NaN
7,7,7.1000000000000005,4.0
1,0,NaN,NaN
1,0,NaN,NaN
24,12,10.100000000000001,6.0
1,0,NaN,NaN
5,4,7.1000000000000005,3.0
1,0,NaN,NaN
1,0,NaN,NaN
1,1,6.1000000000000005,1.0
1,0,NaN,NaN
6,3,9.1,4.0
1,1,14.100000000000001,1.0
1,0,NaN,NaN
4,2,7.1000000000000005,2.0
1,0,NaN,NaN
1,0,NaN,NaN
1,0,NaN,NaN
1,1,7.1000000000000005,1.0
1,1,9.1,1.0
1,1,6.1000000000000005,1.0
1,1,12.100000000000001,1.0
1,0,NaN,NaN
2,2,7.1000000000000005,2.0
1,1,13.100000000000001,1.0
1,1,8.1,1.0
1,1,5.1000000000000005,1.0
1,1,3.1,1.0
1,1,4.1000000000000005,1.0
1,0,NaN,NaN
1,1,3.1,1.0
3,1,7.1000000000000005,3.0
1,0,NaN,NaN
1,1,15.100000000000001,1.0
1,1,9.1,1.0
1,1,10.100000000000001,1.0
1,0,NaN,NaN
1,0,NaN,NaN
3,1,16.1,3.0
1,0,NaN,NaN
1,1,5.1000000000000005,1.0
3,1,21.1,3.0
1,0,NaN,NaN
6,2,17.1,6.0
2,2,6.1000000000000005,1.0
1,0,NaN,NaN
1,0,NaN,NaN
1,1,9.1,1.0
1,1,4.1000000000000005,1.0
6,2,9.1,5.0
1,0,NaN,NaN
8,4,8.1,6.0
1,1,6.1000000000000005,1.0
1,1,7.1000000000000005,1.0
2,1,7.1000000000000005,2.0
1,1,10.100000000000001,1.0
3,3,5.1000000000000005,2.0
1,0,NaN,NaN
1,1,5.1000000000000005,1.0
1,0,NaN,NaN
4,2,8.1,2.0
2,0,NaN,NaN
1,1,6.1000000000000005,1.0
1,0,NaN,NaN
1,1,4.1000000000000005,1.0
1,1,8.1,1.0
1,0,NaN,NaN
1,0,NaN,NaN
17,9,8.1,9.0
1,1,7.1000000000000005,1.0
1,1,6.1000000000000005,1.0
1,1,6.1000000000000005,1.0
1,1,10.100000000000001,1.0
19,9,7.1000000000000005,2.0
1,0,NaN,NaN
3,1,9.1,3.0
1,0,NaN,NaN
1,1,15.100000000000001,1.0
15,14,8.1,5.0
1,0,NaN,NaN
1,1,8.1,1.0
1,1,7.1000000000000005,1.0
1,1,7.1000000000000005,1.0
1,0,NaN,NaN
1,1,9.1,1.0
1,0,NaN,NaN
11,10,5.1000000000000005,7.0
1,0,NaN,NaN
3,0,NaN,NaN
1,1,8.1,1.0
1,1,5.1000000000000005,1.0
1,0,NaN,NaN
1,1,7.1000000000000005,1.0
1,1,7.1000000000000005,1.0
1,1,4.1000000000000005,1.0
1,1,7.1000000000000005,1.0
1,0,NaN,NaN
1,1,5.1000000000000005,1.0
1,1,7.1000000000000005,1.0
1,1,11.100000000000001,1.0
1,0,NaN,NaN
2,1,5.1000000000000005,1.0
1,1,7.1000000000000005,1.0
3,2,7.1000000000000005,2.0
2,2,4.1000000000000005,1.0
1,0,NaN,NaN
1,1,5.1000000000000005,1.0
1,1,4.1000000000000005,1.0
1,0,NaN,NaN
1,0,NaN,NaN
1,0,NaN,NaN
1,1,12.100000000000001,1.0
1,1,5.1000000000000005,1.0
1,1,7.1000000000000005,1.0
2,1,14.100000000000001,2.0
2,2,7.1000000000000005,2.0
7,4,9.1,7.0
1,1,12.100000000000001,1.0
2,2,15.100000000000001,2.0
6,4,5.1000000000000005,4.0
1,1,9.1,1.0
1,0,NaN,NaN
1,0,NaN,NaN
1,0,NaN,NaN
2,2,5.1000000000000005,2.0
1,1,6.1000000000000005,1.0
4,3,11.100000000000001,4.0
1,1,8.1,1.0
1,0,NaN,NaN
1,1,14.100000000000001,1.0
1,1,8.1,1.0
1,1,12.100000000000001,1.0
1,0,NaN,NaN
1,1,10.100000000000001,1.0
1,1,6.1000000000000005,1.0
3,1,14.100000000000001,3.0
1,0,NaN,NaN
1,1,3.1,1.0
1,1,12.100000000000001,1.0
1,1,3.1,1.0
1,1,8.1,1.0
1,0,NaN,NaN
1,1,3.1,1.0
2,0,NaN,NaN
1,1,6.1000000000000005,1.0
1,0,NaN,NaN
6,4,6.1000000000000005,2.0
1,0,NaN,NaN
1,0,NaN,NaN
1,1,3.1,1.0
1,1,4.1000000000000005,1.0
8,6,8.1,6.0
1,1,7.1000000000000005,1.0
1,0,NaN,NaN
1,0,NaN,NaN
1,0,NaN,NaN
1,1,8.1,1.0
1,1,7.1000000000000005,1.0
1,0,NaN,NaN
1,1,6.1000000000000005,1.0
1,1,10.100000000000001,1.0
1,1,8.1,1.0
2,1,7.1000000000000005,1.0
1,1,12.100000000000001,1.0
1,1,9.1,1.0
1,0,NaN,NaN
1,0,NaN,NaN
1,1,7.1000000000000005,1.0
1,1,7.1000000000000005,1.0
1,1,9.1,1.0
1,1,6.1000000000000005,1.0
1,1,7.1000000000000005,1.0
1,1,7.1000000000000005,1.0
1,0,NaN,NaN
1,1,6.1000000000000005,1.0
1,0,NaN,NaN
1,0,NaN,NaN
1,1,7.1000000000000005,1.0
1,0,NaN,NaN
1,0,NaN,NaN
1,1,13.100000000000001,1.0
1,1,6.1000000000000005,1.0
1,1,7.1000000000000005,1.0
1,1,8.1,1.0
1,1,7.1000000000000005,1.0
2,0,NaN,NaN
1,1,4.1000000000000005,1.0
1,1,12.100000000000001,1.0
1,0,NaN,NaN
1,1,3.1,1.0
1,0,NaN,NaN
1,0,NaN,NaN
1,1,10.100000000000001,1.0
4,4,4.1000000000000005,4.0
1,1,9.1,1.0
2,0,NaN,NaN
1,0,NaN,NaN
7,2,10.100000000000001,7.0
1,1,8.1,1.0
2,1,15.100000000000001,2.0
2,2,5.1000000000000005,2.0
1,0,NaN,NaN
1,0,NaN,NaN
1,0,NaN,NaN
3,2,8.1,3.0
3,1,33.1,3.0
1,1,10.100000000000001,1.0
1,1,12.100000000000001,1.0
1,0,NaN,NaN
1,0,NaN,NaN
1,1,10.100000000000001,1.0
1,1,8.1,1.0
2,2,5.1000000000000005,1.0
1,0,NaN,NaN
1,1,7.1000000000000005,1.0
6,3,12.100000000000001,5.0
2,1,5.1000000000000005,2.0
1,0,NaN,NaN
1,1,3.1,1.0
1,0,NaN,NaN
4,2,8.1,2.0
1,1,6.1000000000000005,1.0
5,3,4.1000000000000005,2.0
1,0,NaN,NaN
1,1,7.1000000000000005,1.0
1,1,4.1000000000000005,1.0
1,1,4.1000000000000005,1.0
1,0,NaN,NaN
2,1,5.1000000000000005,2.0
14,12,7.1000000000000005,8.0
1,1,8.1,1.0
2,0,NaN,NaN
1,1,14.100000000000001,1.0
28,24,9.1,13.0
1,0,NaN,NaN
1,1,5.1000000000000005,1.0
1,1,6.1000000000000005,1.0
1,1,14.100000000000001,1.0
12,5,9.1,7.0
1,0,NaN,NaN
1,0,NaN,NaN
1,1,7.1000000000000005,1.0
1,1,6.1000000000000005,1.0
2,2,5.1000000000000005,2.0
20,16,9.1,5.0
3,1,9.1,2.0
1,1,13.100000000000001,1.0
1,0,NaN,NaN
26,21,19.1,10.0
3,2,10.100000000000001,3.0
1,0,NaN,NaN
4,1,14.100000000000001,4.0
1,0,NaN,NaN
1,0,NaN,NaN
9,5,9.1,9.0
1,1,5.1000000000000005,1.0
4,4,8.1,2.0
1,1,11.100000000000001,1.0
1,0,NaN,NaN
1,1,8.1,1.0
1,1,9.1,1.0
1,0,NaN,NaN
1,1,13.100000000000001,1.0
1,1,8.1,1.0
1,1,4.1000000000000005,1.0
1,1,10.100000000000001,1.0
1,1,9.1,1.0
1,1,7.1000000000000005,1.0
1,1,6.1000000000000005,1.0
8,4,10.100000000000001,7.0
1,0,NaN,NaN
1,0,NaN,NaN
1,0,NaN,NaN
1,0,NaN,NaN
2,1,6.1000000000000005,2.0
1,1,7.1000000000000005,1.0
1,1,7.1000000000000005,1.0
1,0,NaN,NaN
12,11,11.100000000000001,4.0
1,1,10.100000000000001,1.0
1,0,NaN,NaN
1,1,6.1000000000000005,1.0
1,0,NaN,NaN
1,0,NaN,NaN
1,0,NaN,NaN
3,0,NaN,NaN
7,5,7.1000000000000005,3.0
12,6,15.100000000000001,7.0
2,1,6.1000000000000005,2.0
1,1,7.1000000000000005,1.0
1,0,NaN,NaN
1,0,NaN,NaN
1,1,13.100000000000001,1.0
1,0,NaN,NaN
1,0,NaN,NaN
1,0,NaN,NaN
1,0,NaN,NaN
1,0,NaN,NaN
1,1,7.1000000000000005,1.0
1,0,NaN,NaN
1,0,NaN,NaN
1,0,NaN,NaN
1,1,7.1000000000000005,1.0
1,1,10.100000000000001,1.0
1,0,NaN,NaN
1,0,NaN,NaN
2,0,NaN,NaN
8,5,8.1,3.0
1,1,8.1,1.0
1,0,NaN,NaN
1,1,7.1000000000000005,1.0
1,1,8.1,1.0
1,1,5.1000000000000005,1.0
1,1,5.1000000000000005,1.0
1,1,5.1000000000000005,1.0
4,2,11.100000000000001,2.0
1,0,NaN,NaN
1,0,NaN,NaN
1,1,5.1000000000000005,1.0
1,0,NaN,NaN
1,1,4.1000000000000005,1.0
1,1,6.1000000000000005,1.0
5,2,5.1000000000000005,3.0
1,0,NaN,NaN
1,1,3.1,1.0
1,0,NaN,NaN
1,0,NaN,NaN
1,0,NaN,NaN
1,1,5.1000000000000005,1.0
1,0,NaN,NaN
1,1,7.1000000000000005,1.0
1,1,9.1,1.0
1,1,7.1000000000000005,1.0
1,1,6.1000000000000005,1.0
1,0,NaN,NaN
15,13,11.100000000000001,9.0
1,1,7.1000000000000005,1.0
1,0,NaN,NaN
2,1,6.1000000000000005,1.0
2,2,7.1000000000000005,2.0
1,0,NaN,NaN
1,1,10.100000000000001,1.0
1,1,6.1000000000000005,1.0
1,1,10.100000000000001,1.0
4,2,7.1000000000000005,3.0
1,1,10.100000000000001,1.0
1,0,NaN,NaN
1,1,9.1,1.0
1,0,NaN,NaN
7,6,6.1000000000000005,6.0
1,0,NaN,NaN
1,0,NaN,NaN
1,0,NaN,NaN
1,1,8.1,1.0
9,5,14.100000000000001,7.0
1,0,NaN,NaN
1,1,5.1000000000000005,1.0
1,1,6.1000000000000005,1.0
1,1,5.1000000000000005,1.0
1,1,10.100000000000001,1.0
1,0,NaN,NaN
1,1,7.1000000000000005,1.0
1,1,7.1000000000000005,1.0
1,1,8.1,1.0
1,1,5.1000000000000005,1.0
1,0,NaN,NaN
1,0,NaN,NaN
5,5,4.1000000000000005,3.0
1,1,5.1000000000000005,1.0
1,1,3.1,1.0
1,0,NaN,NaN
1,1,7.1000000000000005,1.0
1,1,5.1000000000000005,1.0
10,4,8.1,10.0
1,1,9.1,1.0
1,0,NaN,NaN
1,1,8.1,1.0
2,2,7.1000000000000005,2.0
1,1,9.1,1.0
1,1,7.1000000000000005,1.0
1,0,NaN,NaN
1,1,14.100000000000001,1.0
1,1,8.1,1.0
1,1,5.1000000000000005,1.0
1,1,7.1000000000000005,1.0
1,0,NaN,NaN
1,0,NaN,NaN
1,1,8.1,1.0
1,0,NaN,NaN
1,1,6.1000000000000005,1.0
2,1,7.1000000000000005,1.0
1,1,5.1000000000000005,1.0
1,0,NaN,NaN
19,16,12.100000000000001,4.0
6,4,4.1000000000000005,5.0
1,0,NaN,NaN
1,1,4.1000000000000005,1.0
1,1,5.1000000000000005,1.0
2,0,NaN,NaN
1,1,8.1,1.0
1,0,NaN,NaN
4,2,12.100000000000001,4.0
1,0,NaN,NaN
1,0,NaN,NaN
3,3,5.1000000000000005,2.0
1,1,6.1000000000000005,1.0
2,1,9.1,2.0
7,3,13.100000000000001,6.0
1,1,6.1000000000000005,1.0
1,1,9.1,1.0
1,1,11.100000000000001,1.0
1,0,NaN,NaN
1,0,NaN,NaN
2,0,NaN,NaN
1,0,NaN,NaN
1,0,NaN,NaN
7,7,5.1000000000000005,4.0
24,21,11.100000000000001,6.0
1,0,NaN,NaN
2,2,8.1,1.0
1,1,5.1000000000000005,1.0
1,0,NaN,NaN
2,1,8.1,2.0
1,1,8.1,1.0
1,0,NaN,NaN
1,0,NaN,NaN
1,0,NaN,NaN
1,1,7.1000000000000005,1.0
1,1,10.100000000000001,1.0
1,1,6.1000000000000005,1.0
1,1,9.1,1.0
1,0,NaN,NaN
3,1,28.1,3.0
1,1,8.1,1.0
1,0,NaN,NaN
8,4,11.100000000000001,8.0
1,0,NaN,NaN
1,0,NaN,NaN
10,7,7.1000000000000005,3.0
10,10,7.1000000000000005,8.0
1,0,NaN,NaN
3,1,14.100000000000001,3.0
1,0,NaN,NaN
1,0,NaN,NaN
1,1,8.1,1.0
1,0,NaN,NaN
3,1,16.1,3.0
1,1,17.1,1.0
1,1,6.1000000000000005,1.0
1,1,14.100000000000001,1.0
1,1,11.100000000000001,1.0
1,0,NaN,NaN
1,1,4.1000000000000005,1.0
1,0,NaN,NaN
1,1,8.1,1.0
1,0,NaN,NaN
1,0,NaN,NaN
1,0,NaN,NaN
3,1,17.1,3.0
16,15,11.100000000000001,11.0
2,2,7.1000000000000005,2.0
1,1,7.1000000000000005,1.0
1,1,7.1000000000000005,1.0
1,1,6.1000000000000005,1.0
1,1,11.100000000000001,1.0
1,0,NaN,NaN
1,0,NaN,NaN
1,0,NaN,NaN
1,0,NaN,NaN
1,1,12.100000000000001,1.0
8,4,7.1000000000000005,8.0
1,1,14.100000000000001,1.0
1,0,NaN,NaN
1,1,6.1000000000000005,1.0
15,8,20.1,12.0
1,1,9.1,1.0
1,0,NaN,NaN
1,0,NaN,NaN
1,0,NaN,NaN
4,1,15.100000000000001,4.0
1,1,8.1,1.0
1,0,NaN,NaN
1,1,6.1000000000000005,1.0
1,1,6.1000000000000005,1.0
1,1,4.1000000000000005,1.0
1,0,NaN,NaN
1,0,NaN,NaN
1,1,6.1000000000000005,1.0
1,0,NaN,NaN
5,3,15.100000000000001,5.0
1,0,NaN,NaN
1,0,NaN,NaN
1,1,8.1,1.0
1,0,NaN,NaN
15,11,8.1,8.0
1,1,15.100000000000001,1.0
1,1,7.1000000000000005,1.0
1,1,8.1,1.0
1,0,NaN,NaN
1,1,6.1000000000000005,1.0
1,1,4.1000000000000005,1.0
1,0,NaN,NaN
1,1,6.1000000000000005,1.0
1,0,NaN,NaN
1,0,NaN,NaN
1,1,7.1000000000000005,1.0
13,11,4.1000000000000005,3.0
1,0,NaN,NaN
2,1,7.1000000000000005,2.0
1,0,NaN,NaN
1,0,NaN,NaN
1,0,NaN,NaN
1,1,5.1000000000000005,1.0
1,0,NaN,NaN
1,1,8.1,1.0
1,0,NaN,NaN
1,1,4.1000000000000005,1.0
1,1,7.1000000000000005,1.0
3,2,6.1000000000000005,2.0
1,1,4.1000000000000005,1.0
1,1,6.1000000000000005,1.0
1,1,4.1000000000000005,1.0
1,0,NaN,NaN
1,0,NaN,NaN
1,1,5.1000000000000005,1.0
1,1,13.100000000000001,1.0
1,0,NaN,NaN
1,0,NaN,NaN
1,1,15.100000000000001,1.0
2,2,14.100000000000001,2.0
1,0,NaN,NaN
1,0,NaN,NaN
2,1,6.1000000000000005,2.0
6,2,13.100000000000001,6.0
1,0,NaN,NaN
3,2,7.1000000000000005,1.0
4,1,10.100000000000001,4.0
1,0,NaN,NaN
1,1,6.1000000000000005,1.0
1,1,4.1000000000000005,1.0
1,0,NaN,NaN
1,1,4.1000000000000005,1.0
1,1,4.1000000000000005,1.0
1,1,6.1000000000000005,1.0
1,1,11.100000000000001,1.0
9,6,7.1000000000000005,2.0
1,1,3.1,1.0
1,0,NaN,NaN
1,1,7.1000000000000005,1.0
1,0,NaN,NaN
1,1,14.100000000000001,1.0
1,1,3.1,1.0
1,1,8.1,1.0
1,0,NaN,NaN
1,0,NaN,NaN
1,0,NaN,NaN
1,1,7.1000000000000005,1.0
1,0,NaN,NaN
3,3,9.1,3.0
1,1,3.1,1.0
5,2,18.1,5.0
1,1,8.1,1.0
1,1,5.1000000000000005,1.0
5,3,9.1,2.0
1,0,NaN,NaN
1,0,NaN,NaN
10,6,3.1,2.0
1,1,9.1,1.0
1,1,5.1000000000000005,1.0
1,0,NaN,NaN
1,1,7.1000000000000005,1.0
1,0,NaN,NaN
1,0,NaN,NaN
1,0,NaN,NaN
1,1,3.1,1.0
1,1,7.1000000000000005,1.0
15,12,7.1000000000000005,11.0
1,1,4.1000000000000005,1.0
1,0,NaN,NaN
1,1,6.1000000000000005,1.0
1,1,6.1000000000000005,1.0
1,0,NaN,NaN
1,1,6.1000000000000005,1.0
1,1,8.1,1.0
1,0,NaN,NaN
1,0,NaN,NaN
1,0,NaN,NaN
18,15,12.100000000000001,9.0
1,0,NaN,NaN
1,1,8.1,1.0
14,13,13.100000000000001,7.0
1,1,6.1000000000000005,1.0
1,1,6.1000000000000005,1.0
1,1,6.1000000000000005,1.0
1,1,14.100000000000001,1.0
1,1,8.1,1.0
20,17,5.1000000000000005,1.0
1,1,10.100000000000001,1.0
10,10,9.1,8.0
2,1,9.1,2.0
1,0,NaN,NaN
1,0,NaN,NaN
1,0,NaN,NaN
2,1,17.1,2.0
1,1,7.1000000000000005,1.0
1,0,NaN,NaN
2,1,14.100000000000001,2.0
1,0,NaN,NaN
1,1,4.1000000000000005,1.0
1,1,5.1000000000000005,1.0
24,22,7.1000000000000005,5.0
1,0,NaN,NaN
1,1,5.1000000000000005,1.0
1,0,NaN,NaN
1,1,6.1000000000000005,1.0
29,24,8.1,10.0
32,29,9.1,12.0
1,0,NaN,NaN
1,1,8.1,1.0
1,0,NaN,NaN
3,1,4.1000000000000005,1.0
1,1,5.1000000000000005,1.0
1,1,13.100000000000001,1.0
2,1,10.100000000000001,2.0
6,3,5.1000000000000005,5.0
1,0,NaN,NaN
1,0,NaN,NaN
1,1,13.100000000000001,1.0
1,0,NaN,NaN
1,0,NaN,NaN
1,1,5.1000000000000005,1.0
9,3,8.1,5.0
1,1,13.100000000000001,1.0
1,1,4.1000000000000005,1.0
11,10,11.100000000000001,10.0
1,1,4.1000000000000005,1.0
1,1,3.1,1.0
1,1,13.100000000000001,1.0
1,1,11.100000000000001,1.0
1,1,15.100000000000001,1.0
1,1,6.1000000000000005,1.0
1,1,5.1000000000000005,1.0
1,0,NaN,NaN
1,1,5.1000000000000005,1.0
1,0,NaN,NaN
1,1,8.1,1.0
1,1,7.1000000000000005,1.0
2,0,NaN,NaN
1,1,5.1000000000000005,1.0
1,1,12.100000000000001,1.0
1,0,NaN,NaN
1,0,NaN,NaN
1,1,15.100000000000001,1.0
4,2,13.100000000000001,4.0
1,1,10.100000000000001,1.0
14,11,12.100000000000001,11.0
1,0,NaN,NaN
1,1,8.1,1.0
7,5,9.1,5.0
12,7,6.1000000000000005,7.0
2,1,11.100000000000001,2.0
1,0,NaN,NaN
2,2,6.1000000000000005,1.0
5,1,25.1,5.0
1,1,7.1000000000000005,1.0
1,1,5.1000000000000005,1.0
1,0,NaN,NaN
1,0,NaN,NaN
1,1,9.1,1.0
1,1,7.1000000000000005,1.0
2,2,7.1000000000000005,2.0
1,0,NaN,NaN
1,0,NaN,NaN
1,0,NaN,NaN
3,0,NaN,NaN
1,1,9.1,1.0
1,0,NaN,NaN
1,1,8.1,1.0
18,15,6.1000000000000005,10.0
2,2,8.1,2.0
1,0,NaN,NaN
1,1,4.1000000000000005,1.0
4,2,8.1,4.0
1,1,8.1,1.0
2,1,4.1000000000000005,1.0
1,1,14.100000000000001,1.0
1,0,NaN,NaN
1,1,6.1000000000000005,1.0
1,1,13.100000000000001,1.0
1,1,12.100000000000001,1.0
1,1,3.1,1.0
1,0,NaN,NaN
2,1,15.100000000000001,2.0
1,1,6.1000000000000005,1.0
1,0,NaN,NaN
1,1,5.1000000000000005,1.0
21,20,8.1,12.0
1,0,NaN,NaN
1,0,NaN,NaN
1,1,4.1000000000000005,1.0
1,0,NaN,NaN
1,0,NaN,NaN
1,0,NaN,NaN
2,2,5.1000000000000005,1.0
2,2,7.1000000000000005,2.0
16,7,10.100000000000001,9.0
1,1,4.1000000000000005,1.0
13,11,8.1,9.0
1,0,NaN,NaN
1,0,NaN,NaN
9,3,7.1000000000000005,8.0
1,1,4.1000000000000005,1.0
1,0,NaN,NaN
3,2,16.1,3.0
5,4,8.1,2.0
1,1,7.1000000000000005,1.0
1,1,12.100000000000001,1.0
7,6,7.1000000000000005,3.0
1,0,NaN,NaN
1,1,8.1,1.0
1,1,9.1,1.0
5,2,15.100000000000001,4.0
2,1,6.1000000000000005,2.0
24,17,5.1000000000000005,4.0
3,2,14.100000000000001,3.0
1,1,13.100000000000001,1.0
7,6,17.1,6.0
1,0,NaN,NaN
15,9,15.100000000000001,15.0
1,0,NaN,NaN
1,1,4.1000000000000005,1.0
2,1,15.100000000000001,2.0
11,11,10.100000000000001,6.0
1,1,13.100000000000001,1.0
1,1,12.100000000000001,1.0
1,1,9.1,1.0
1,1,6.1000000000000005,1.0
1,1,4.1000000000000005,1.0
1,1,9.1,1.0
1,1,17.1,1.0
1,0,NaN,NaN
1,1,8.1,1.0
2,2,8.1,2.0
1,1,4.1000000000000005,1.0
1,0,NaN,NaN
4,2,8.1,3.0
1,0,NaN,NaN
3,3,6.1000000000000005,1.0
1,1,6.1000000000000005,1.0
1,1,4.1000000000000005,1.0
1,1,5.1000000000000005,1.0
1,0,NaN,NaN
20,10,19.1,14.0
1,0,NaN,NaN
33,18,4.1000000000000005,3.0
2,0,NaN,NaN
11,8,9.1,4.0
1,0,NaN,NaN
1,0,NaN,NaN
2,2,9.1,2.0
1,0,NaN,NaN
1,0,NaN,NaN
1,0,NaN,NaN
1,1,3.1,1.0
1,1,8.1,1.0
1,1,7.1000000000000005,1.0
1,1,2.1,1.0
1,1,4.1000000000000005,1.0
16,15,8.1,8.0
1,0,NaN,NaN
1,1,3.1,1.0
1,1,21.1,1.0
1,0,NaN,NaN
3,1,19.1,3.0
1,1,5.1000000000000005,1.0
6,5,5.1000000000000005,3.0
2,1,9.1,2.0
1,1,5.1000000000000005,1.0
1,1,7.1000000000000005,1.0
1,1,3.1,1.0
2,2,7.1000000000000005,2.0
1,1,8.1,1.0
1,0,NaN,NaN
1,1,17.1,1.0
1,1,6.1000000000000005,1.0
1,1,7.1000000000000005,1.0
4,2,4.1000000000000005,4.0
1,1,6.1000000000000005,1.0
1,0,NaN,NaN
1,0,NaN,NaN
1,0,NaN,NaN
1,0,NaN,NaN
17,5,21.1,5.0
1,0,NaN,NaN
1,0,NaN,NaN
1,0,NaN,NaN
18,13,4.1000000000000005,6.0
1,0,NaN,NaN
1,1,11.100000000000001,1.0
1,1,7.1000000000000005,1.0
1,0,NaN,NaN
1,0,NaN,NaN
1,1,8.1,1.0
1,1,10.100000000000001,1.0
1,1,14.100000000000001,1.0
1,1,4.1000000000000005,1.0
1,0,NaN,NaN
1,1,6.1000000000000005,1.0
6,3,4.1000000000000005,3.0
1,1,9.1,1.0
1,0,NaN,NaN
11,11,11.100000000000001,3.0
2,1,7.1000000000000005,2.0
1,0,NaN,NaN
13,10,7.1000000000000005,5.0
1,1,6.1000000000000005,1.0
2,1,16.1,2.0
1,1,6.1000000000000005,1.0
1,1,6.1000000000000005,1.0
20,6,7.1000000000000005,4.0
1,1,7.1000000000000005,1.0
1,1,7.1000000000000005,1.0
1,0,NaN,NaN
5,4,5.1000000000000005,2.0
1,1,7.1000000000000005,1.0
1,0,NaN,NaN
2,0,NaN,NaN
3,2,12.100000000000001,3.0
2,1,10.100000000000001,2.0
1,0,NaN,NaN
1,1,13.100000000000001,1.0
4,3,10.100000000000001,4.0
1,1,3.1,1.0
1,0,NaN,NaN
1,0,NaN,NaN
1,1,5.1000000000000005,1.0
2,2,12.100000000000001,2.0
1,0,NaN,NaN
1,0,NaN,NaN
5,4,9.1,5.0
2,1,19.1,2.0
1,0,NaN,NaN
1,1,8.1,1.0
1,0,NaN,NaN
1,0,NaN,NaN
1,0,NaN,NaN
1,1,9.1,1.0
2,2,7.1000000000000005,2.0
1,1,4.1000000000000005,1.0
1,0,NaN,NaN
1,1,7.1000000000000005,1.0
1,1,8.1,1.0
1,0,NaN,NaN
1,1,3.1,1.0
1,0,NaN,NaN
1,0,NaN,NaN
1,0,NaN,NaN
2,2,10.100000000000001,2.0
1,1,7.1000000000000005,1.0
1,1,10.100000000000001,1.0
1,0,NaN,NaN
1,1,10.100000000000001,1.0
1,0,NaN,NaN
1,0,NaN,NaN
1,1,7.1000000000000005,1.0
1,0,NaN,NaN
1,0,NaN,NaN
1,1,8.1,1.0
1,1,6.1000000000000005,1.0
1,1,8.1,1.0
1,1,7.1000000000000005,1.0
1,0,NaN,NaN
4,3,3.1,1.0
1,1,6.1000000000000005,1.0
1,1,7.1000000000000005,1.0
1,1,6.1000000000000005,1.0
1,1,15.100000000000001,1.0
1,0,NaN,NaN
1,1,11.100000000000001,1.0
1,1,7.1000000000000005,1.0
1,0,NaN,NaN
1,0,NaN,NaN
7,5,12.100000000000001,6.0
1,0,NaN,NaN
2,1,14.100000000000001,2.0
2,2,14.100000000000001,2.0
1,0,NaN,NaN
3,0,NaN,NaN
1,1,7.1000000000000005,1.0
1,0,NaN,NaN
1,0,NaN,NaN
21,10,7.1000000000000005,3.0
1,0,NaN,NaN
1,0,NaN,NaN
1,0,NaN,NaN
1,1,8.1,1.0
1,1,6.1000000000000005,1.0
2,0,NaN,NaN
1,1,11.100000000000001,1.0
17,15,9.1,4.0
1,0,NaN,NaN
1,1,12.100000000000001,1.0
1,0,NaN,NaN
1,0,NaN,NaN
4,3,8.1,4.0
1,0,NaN,NaN
1,0,NaN,NaN
1,0,NaN,NaN
1,1,4.1000000000000005,1.0
1,0,NaN,NaN
1,1,6.1000000000000005,1.0
1,0,NaN,NaN
24,24,4.1000000000000005,9.0
4,3,12.100000000000001,4.0
2,1,7.1000000000000005,2.0
1,0,NaN,NaN
1,1,7.1000000000000005,1.0
1,0,NaN,NaN
1,1,7.1000000000000005,1.0
1,1,4.1000000000000005,1.0
1,0,NaN,NaN
1,0,NaN,NaN
1,1,9.1,1.0
3,2,5.1000000000000005,1.0
1,1,10.100000000000001,1.0
1,0,NaN,NaN
21,11,12.100000000000001,9.0
1,0,NaN,NaN
1,0,NaN,NaN
1,1,10.100000000000001,1.0
1,1,5.1000000000000005,1.0
1,1,3.1,1.0
6,4,5.1000000000000005,2.0
1,0,NaN,NaN
2,2,12.100000000000001,2.0
1,0,NaN,NaN
1,0,NaN,NaN
1,0,NaN,NaN
1,0,NaN,NaN
1,1,4.1000000000000005,1.0
15,14,13.100000000000001,2.0
1,1,9.1,1.0
1,1,12.100000000000001,1.0
1,1,8.1,1.0
18,14,15.100000000000001,5.0
1,1,9.1,1.0
1,1,5.1000000000000005,1.0
1,1,3.1,1.0
1,1,10.100000000000001,1.0
1,0,NaN,NaN
1,0,NaN,NaN
1,1,7.1000000000000005,1.0
1,0,NaN,NaN
1,0,NaN,NaN
45,43,13.100000000000001,3.0
1,1,5.1000000000000005,1.0
1,1,14.100000000000001,1.0
1,0,NaN,NaN
1,1,7.1000000000000005,1.0
1,1,5.1000000000000005,1.0
1,1,15.100000000000001,1.0
1,0,NaN,NaN
2,1,17.1,2.0
1,0,NaN,NaN
1,1,10.100000000000001,1.0
1,1,7.1000000000000005,1.0
1,0,NaN,NaN
1,1,4.1000000000000005,1.0
1,1,7.1000000000000005,1.0
1,1,6.1000000000000005,1.0
1,1,8.1,1.0
2,0,NaN,NaN
1,1,3.1,1.0
1,1,8.1,1.0
1,1,4.1000000000000005,1.0
5,3,11.100000000000001,5.0
1,0,NaN,NaN
1,1,7.1000000000000005,1.0
1,0,NaN,NaN
1,1,6.1000000000000005,1.0
1,0,NaN,NaN
1,0,NaN,NaN
1,1,7.1000000000000005,1.0
1,0,NaN,NaN
1,0,NaN,NaN
1,0,NaN,NaN
1,1,7.1000000000000005,1.0
1,0,NaN,NaN
1,1,10.100000000000001,1.0
17,10,15.100000000000001,8.0
1,1,6.1000000000000005,1.0
1,1,3.1,1.0
1,1,5.1000000000000005,1.0
1,0,NaN,NaN
1,1,10.100000000000001,1.0
1,1,3.1,1.0
1,1,10.100000000000001,1.0
4,3,17.1,4.0
1,1,3.1,1.0
1,0,NaN,NaN
1,0,NaN,NaN
8,6,10.100000000000001,6.0
1,1,7.1000000000000005,1.0
1,1,11.100000000000001,1.0
1,1,8.1,1.0
1,0,NaN,NaN
1,0,NaN,NaN
1,0,NaN,NaN
1,1,9.1,1.0
1,1,10.100000000000001,1.0
1,1,6.1000000000000005,1.0
1,1,4.1000000000000005,1.0
1,1,4.1000000000000005,1.0
1,0,NaN,NaN
1,0,NaN,NaN
1,0,NaN,NaN
1,0,NaN,NaN
1,0,NaN,NaN
1,1,6.1000000000000005,1.0
1,0,NaN,NaN
6,5,5.1000000000000005,4.0
1,0,NaN,NaN
1,1,2.1,1.0
1,0,NaN,NaN
3,2,7.1000000000000005,3.0
9,9,8.1,7.0
14,8,5.1000000000000005,3.0
1,1,4.1000000000000005,1.0
1,0,NaN,NaN
1,1,8.1,1.0
1,1,3.1,1.0
1,1,4.1000000000000005,1.0
1,1,4.1000000000000005,1.0
1,1,7.1000000000000005,1.0
4,2,12.100000000000001,4.0
1,1,8.1,1.0
9,8,9.1,8.0
4,1,9.1,4.0
1,0,NaN,NaN
4,3,5.1000000000000005,2.0
1,0,NaN,NaN
1,0,NaN,NaN
1,1,5.1000000000000005,1.0
1,0,NaN,NaN
1,0,NaN,NaN
1,1,14.100000000000001,1.0
1,1,2.1,1.0
1,1,14.100000000000001,1.0
1,1,8.1,1.0
1,0,NaN,NaN
1,1,5.1000000000000005,1.0
1,0,NaN,NaN
22,17,10.100000000000001,20.0
1,0,NaN,NaN
1,0,NaN,NaN
2,0,NaN,NaN
1,1,10.100000000000001,1.0
1,0,NaN,NaN
1,1,6.1000000000000005,1.0
1,1,8.1,1.0
4,3,4.1000000000000005,3.0
1,0,NaN,NaN
1,1,11.100000000000001,1.0
1,1,8.1,1.0
1,0,NaN,NaN
1,0,NaN,NaN
10,6,6.1000000000000005,4.0
1,0,NaN,NaN
5,4,10.100000000000001,4.0
1,1,7.1000000000000005,1.0
1,0,NaN,NaN
5,2,11.100000000000001,4.0
1,0,NaN,NaN
1,1,13.100000000000001,1.0
13,12,7.1000000000000005,7.0
1,0,NaN,NaN
1,1,7.1000000000000005,1.0
1,1,7.1000000000000005,1.0
1,0,NaN,NaN
11,10,8.1,3.0
1,0,NaN,NaN
1,0,NaN,NaN
1,1,7.1000000000000005,1.0
1,1,8.1,1.0
1,0,NaN,NaN
1,0,NaN,NaN
14,14,4.1000000000000005,6.0
1,1,9.1,1.0
1,0,NaN,NaN
1,1,11.100000000000001,1.0
6,2,6.1000000000000005,4.0
1,1,8.1,1.0
1,0,NaN,NaN
1,0,NaN,NaN
1,1,8.1,1.0
1,1,7.1000000000000005,1.0
12,8,13.100000000000001,8.0
1,0,NaN,NaN
1,1,10.100000000000001,1.0
4,2,9.1,3.0
1,0,NaN,NaN
1,1,8.1,1.0
1,0,NaN,NaN
2,1,18.1,2.0
1,1,10.100000000000001,1.0
1,1,6.1000000000000005,1.0
3,1,18.1,3.0
1,0,NaN,NaN
1,0,NaN,NaN
1,0,NaN,NaN
1,1,9.1,1.0
1,0,NaN,NaN
1,1,6.1000000000000005,1.0
2,1,3.1,2.0
1,0,NaN,NaN
1,0,NaN,NaN
1,0,NaN,NaN
1,0,NaN,NaN
1,0,NaN,NaN
1,0,NaN,NaN
1,1,6.1000000000000005,1.0
1,1,6.1000000000000005,1.0
2,1,10.100000000000001,2.0
9,5,7.1000000000000005,3.0
2,1,5.1000000000000005,2.0
17,10,26.1,5.0
1,1,5.1000000000000005,1.0
1,0,NaN,NaN
1,0,NaN,NaN
1,0,NaN,NaN
1,1,8.1,1.0
3,2,6.1000000000000005,3.0
1,1,8.1,1.0
1,1,7.1000000000000005,1.0
1,0,NaN,NaN
1,1,9.1,1.0
1,1,7.1000000000000005,1.0
1,1,7.1000000000000005,1.0
1,1,8.1,1.0
1,0,NaN,NaN
1,1,4.1000000000000005,1.0
1,0,NaN,NaN
1,0,NaN,NaN
1,0,NaN,NaN
1,1,9.1,1.0
1,1,8.1,1.0
1,0,NaN,NaN
1,0,NaN,NaN
1,0,NaN,NaN
9,5,7.1000000000000005,4.0
5,2,5.1000000000000005,5.0
1,1,10.100000000000001,1.0
1,0,NaN,NaN
2,2,9.1,2.0
1,1,6.1000000000000005,1.0
2,0,NaN,NaN
1,1,7.1000000000000005,1.0
1,1,7.1000000000000005,1.0
1,0,NaN,NaN
1,0,NaN,NaN
1,0,NaN,NaN
1,1,5.1000000000000005,1.0
1,0,NaN,NaN
3,2,6.1000000000000005,1.0
1,1,3.1,1.0
1,1,7.1000000000000005,1.0
1,1,2.1,1.0
1,1,10.100000000000001,1.0
1,0,NaN,NaN
1,0,NaN,NaN
1,1,4.1000000000000005,1.0
1,1,7.1000000000000005,1.0
1,1,5.1000000000000005,1.0
1,0,NaN,NaN
1,1,11.100000000000001,1.0
1,1,6.1000000000000005,1.0
1,1,5.1000000000000005,1.0
1,1,5.1000000000000005,1.0
1,1,5.1000000000000005,1.0
1,1,6.1000000000000005,1.0
1,0,NaN,NaN
1,0,NaN,NaN
7,7,13.100000000000001,5.0
1,0,NaN,NaN
1,0,NaN,NaN
1,1,7.1000000000000005,1.0
3,2,13.100000000000001,2.0
1,0,NaN,NaN
1,0,NaN,NaN
1,0,NaN,NaN
1,0,NaN,NaN
3,2,13.100000000000001,2.0
1,1,12.100000000000001,1.0
1,1,6.1000000000000005,1.0
1,0,NaN,NaN
1,0,NaN,NaN
1,0,NaN,NaN
1,1,7.1000000000000005,1.0
1,0,NaN,NaN
2,2,5.1000000000000005,1.0
1,0,NaN,NaN
1,1,4.1000000000000005,1.0
1,1,6.1000000000000005,1.0
10,7,6.1000000000000005,1.0
1,0,NaN,NaN
2,1,4.1000000000000005,1.0
1,1,14.100000000000001,1.0
1,0,NaN,NaN
1,1,11.100000000000001,1.0
26,21,12.100000000000001,6.0
1,1,6.1000000000000005,1.0
45,40,13.100000000000001,13.0
1,1,9.1,1.0
1,0,NaN,NaN
1,0,NaN,NaN
1,1,14.100000000000001,1.0
1,1,7.1000000000000005,1.0
1,0,NaN,NaN
2,1,5.1000000000000005,1.0
1,1,4.1000000000000005,1.0
1,0,NaN,NaN
1,1,4.1000000000000005,1.0
1,1,13.100000000000001,1.0
1,1,14.100000000000001,1.0
1,0,NaN,NaN
5,4,3.1,2.0
1,0,NaN,NaN
1,1,7.1000000000000005,1.0
1,1,9.1,1.0
1,1,5.1000000000000005,1.0
1,0,NaN,NaN
1,1,7.1000000000000005,1.0
22,20,8.1,3.0
1,1,3.1,1.0
1,0,NaN,NaN
1,0,NaN,NaN
1,1,3.1,1.0
2,1,15.100000000000001,2.0
1,1,8.1,1.0
1,0,NaN,NaN
1,0,NaN,NaN
1,0,NaN,NaN
1,0,NaN,NaN
1,1,7.1000000000000005,1.0
1,0,NaN,NaN
1,0,NaN,NaN
1,0,NaN,NaN
1,0,NaN,NaN
1,1,4.1000000000000005,1.0
4,2,17.1,4.0
2,0,NaN,NaN
4,4,4.1000000000000005,4.0
1,1,21.1,1.0
1,0,NaN,NaN
4,4,6.1000000000000005,2.0
3,2,9.1,3.0
1,0,NaN,NaN
2,1,6.1000000000000005,2.0
1,1,7.1000000000000005,1.0
1,1,8.1,1.0
1,0,NaN,NaN
1,1,9.1,1.0
1,1,13.100000000000001,1.0
1,1,9.1,1.0
1,1,6.1000000000000005,1.0
1,1,3.1,1.0
1,1,4.1000000000000005,1.0
2,1,8.1,2.0
1,1,2.1,1.0
1,1,7.1000000000000005,1.0
1,1,6.1000000000000005,1.0
1,1,3.1,1.0
4,0,NaN,NaN
1,1,7.1000000000000005,1.0
1,1,7.1000000000000005,1.0
1,0,NaN,NaN
1,1,7.1000000000000005,1.0
4,2,5.1000000000000005,2.0
1,0,NaN,NaN
1,1,8.1,1.0
1,1,5.1000000000000005,1.0
1,0,NaN,NaN
1,0,NaN,NaN
13,7,14.100000000000001,8.0
1,1,4.1000000000000005,1.0
1,1,4.1000000000000005,1.0
1,1,5.1000000000000005,1.0
1,1,5.1000000000000005,1.0
3,0,NaN,NaN
1,0,NaN,NaN
9,2,9.1,5.0
1,0,NaN,NaN
1,0,NaN,NaN
1,0,NaN,NaN
1,1,3.1,1.0
1,0,NaN,NaN
1,0,NaN,NaN
2,2,6.1000000000000005,2.0
1,1,6.1000000000000005,1.0
1,0,NaN,NaN
1,0,NaN,NaN
1,1,6.1000000000000005,1.0
1,0,NaN,NaN
1,0,NaN,NaN
1,0,NaN,NaN
27,25,9.1,6.0
1,1,10.100000000000001,1.0
1,0,NaN,NaN
1,0,NaN,NaN
3,1,6.1000000000000005,2.0
1,1,4.1000000000000005,1.0
1,0,NaN,NaN
1,0,NaN,NaN
1,0,NaN,NaN
1,0,NaN,NaN
1,0,NaN,NaN
1,1,6.1000000000000005,1.0
1,1,9.1,1.0
4,2,18.1,4.0
1,0,NaN,NaN
1,1,4.1000000000000005,1.0
1,0,NaN,NaN
1,1,13.100000000000001,1.0
1,0,NaN,NaN
1,0,NaN,NaN
1,0,NaN,NaN
1,1,6.1000000000000005,1.0
1,1,9.1,1.0
1,0,NaN,NaN
1,1,7.1000000000000005,1.0
1,1,6.1000000000000005,1.0
1,1,5.1000000000000005,1.0
1,0,NaN,NaN
1,1,6.1000000000000005,1.0
1,1,8.1,1.0
4,3,4.1000000000000005,3.0
1,1,3.1,1.0
30,23,7.1000000000000005,9.0
2,2,8.1,1.0
1,1,7.1000000000000005,1.0
1,0,NaN,NaN
4,2,9.1,3.0
3,1,6.1000000000000005,1.0
1,1,3.1,1.0
1,1,6.1000000000000005,1.0
1,1,11.100000000000001,1.0
1,0,NaN,NaN
1,1,6.1000000000000005,1.0
1,0,NaN,NaN
1,1,8.1,1.0
3,2,6.1000000000000005,3.0
1,0,NaN,NaN
1,0,NaN,NaN
7,4,12.100000000000001,6.0
2,2,12.100000000000001,1.0
1,0,NaN,NaN
1,1,4.1000000000000005,1.0
1,1,9.1,1.0
1,0,NaN,NaN
1,1,8.1,1.0
1,1,5.1000000000000005,1.0
2,1,9.1,2.0
1,1,11.100000000000001,1.0
31,27,7.1000000000000005,2.0
1,0,NaN,NaN
1,0,NaN,NaN
1,0,NaN,NaN
3,2,7.1000000000000005,3.0
1,1,14.100000000000001,1.0
3,2,7.1000000000000005,3.0
7,4,6.1000000000000005,1.0
1,1,8.1,1.0
6,3,5.1000000000000005,2.0
1,0,NaN,NaN
3,3,7.1000000000000005,1.0
1,1,7.1000000000000005,1.0
1,1,7.1000000000000005,1.0
1,0,NaN,NaN
1,0,NaN,NaN
2,2,6.1000000000000005,1.0
1,0,NaN,NaN
1,1,5.1000000000000005,1.0
1,1,8.1,1.0
1,0,NaN,NaN
1,1,6.1000000000000005,1.0
1,0,NaN,NaN
1,1,21.1,1.0
1,0,NaN,NaN
1,0,NaN,NaN
1,0,NaN,NaN
1,1,8.1,1.0
16,13,7.1000000000000005,8.0
1,0,NaN,NaN
1,1,8.1,1.0
1,1,6.1000000000000005,1.0
1,0,NaN,NaN
1,1,9.1,1.0
1,1,3.1,1.0
3,2,6.1000000000000005,3.0
8,5,5.1000000000000005,2.0
1,0,NaN,NaN
1,1,8.1,1.0
1,1,2.1,1.0
1,0,NaN,NaN
1,1,6.1000000000000005,1.0
1,1,3.1,1.0
1,1,6.1000000000000005,1.0
1,0,NaN,NaN
1,1,8.1,1.0
1,0,NaN,NaN
1,0,NaN,NaN
1,0,NaN,NaN
1,0,NaN,NaN
1,0,NaN,NaN
1,0,NaN,NaN
1,0,NaN,NaN
1,0,NaN,NaN
7,3,11.100000000000001,7.0
1,1,4.1000000000000005,1.0
1,1,7.1000000000000005,1.0
1,0,NaN,NaN
1,1,8.1,1.0
1,1,5.1000000000000005,1.0
1,1,3.1,1.0
2,1,7.1000000000000005,2.0
1,1,6.1000000000000005,1.0
1,1,4.1000000000000005,1.0
1,1,6.1000000000000005,1.0
1,1,6.1000000000000005,1.0
1,1,4.1000000000000005,1.0
1,1,2.1,1.0
1,0,NaN,NaN
1,1,8.1,1.0
7,4,19.1,6.0
5,4,6.1000000000000005,2.0
1,1,7.1000000000000005,1.0
1,1,5.1000000000000005,1.0
1,1,7.1000000000000005,1.0
1,1,6.1000000000000005,1.0
1,1,5.1000000000000005,1.0
1,1,11.100000000000001,1.0
1,0,NaN,NaN
1,0,NaN,NaN
1,0,NaN,NaN
1,1,4.1000000000000005,1.0
1,0,NaN,NaN
1,1,8.1,1.0
1,1,6.1000000000000005,1.0
1,0,NaN,NaN
19,6,12.100000000000001,9.0
1,0,NaN,NaN
1,0,NaN,NaN
1,0,NaN,NaN
1,1,9.1,1.0
1,0,NaN,NaN
1,1,6.1000000000000005,1.0
18,9,13.100000000000001,5.0
1,1,3.1,1.0
1,0,NaN,NaN
2,2,10.100000000000001,2.0
1,1,4.1000000000000005,1.0
3,1,7.1000000000000005,3.0
1,0,NaN,NaN
1,0,NaN,NaN
1,1,7.1000000000000005,1.0
1,1,7.1000000000000005,1.0
1,1,4.1000000000000005,1.0
1,0,NaN,NaN
1,1,4.1000000000000005,1.0
16,8,14.100000000000001,7.0
1,0,NaN,NaN
1,1,6.1000000000000005,1.0
1,1,5.1000000000000005,1.0
1,0,NaN,NaN
1,0,NaN,NaN
1,1,5.1000000000000005,1.0
1,1,8.1,1.0
1,0,NaN,NaN
1,0,NaN,NaN
2,1,13.100000000000001,2.0
1,0,NaN,NaN
1,1,7.1000000000000005,1.0
1,1,4.1000000000000005,1.0
2,2,4.1000000000000005,2.0
1,1,8.1,1.0
3,2,7.1000000000000005,3.0
1,1,2.1,1.0
1,1,9.1,1.0
1,1,9.1,1.0
1,1,7.1000000000000005,1.0
1,0,NaN,NaN
1,1,10.100000000000001,1.0
1,1,12.100000000000001,1.0
1,0,NaN,NaN
1,1,5.1000000000000005,1.0
1,1,4.1000000000000005,1.0
15,14,4.1000000000000005,4.0
3,0,NaN,NaN
1,1,7.1000000000000005,1.0
1,1,4.1000000000000005,1.0
1,0,NaN,NaN
1,1,6.1000000000000005,1.0
1,0,NaN,NaN
1,0,NaN,NaN
1,0,NaN,NaN
1,0,NaN,NaN
1,0,NaN,NaN
4,2,7.1000000000000005,2.0
1,0,NaN,NaN
1,0,NaN,NaN
1,0,NaN,NaN
1,1,7.1000000000000005,1.0
31,22,7.1000000000000005,5.0
1,1,5.1000000000000005,1.0
1,1,6.1000000000000005,1.0
1,1,5.1000000000000005,1.0
1,0,NaN,NaN
1,0,NaN,NaN
1,0,NaN,NaN
1,1,5.1000000000000005,1.0
1,1,5.1000000000000005,1.0
23,17,13.100000000000001,21.0
1,0,NaN,NaN
1,1,5.1000000000000005,1.0
1,1,4.1000000000000005,1.0
2,2,7.1000000000000005,2.0
1,1,6.1000000000000005,1.0
1,1,7.1000000000000005,1.0
1,0,NaN,NaN
1,1,7.1000000000000005,1.0
1,0,NaN,NaN
4,1,12.100000000000001,4.0
1,1,4.1000000000000005,1.0
7,2,33.1,7.0
1,1,6.1000000000000005,1.0
1,0,NaN,NaN
1,0,NaN,NaN
1,1,8.1,1.0
2,0,NaN,NaN
1,0,NaN,NaN
1,1,10.100000000000001,1.0
2,0,NaN,NaN
1,0,NaN,NaN
1,0,NaN,NaN
1,0,NaN,NaN
7,6,6.1000000000000005,3.0
9,9,8.1,2.0
1,1,3.1,1.0
1,1,6.1000000000000005,1.0
1,0,NaN,NaN
1,0,NaN,NaN
2,0,NaN,NaN
4,3,6.1000000000000005,3.0
1,0,NaN,NaN
1,1,11.100000000000001,1.0
1,1,13.100000000000001,1.0
1,1,7.1000000000000005,1.0
1,1,5.1000000000000005,1.0
1,1,6.1000000000000005,1.0
50,41,6.1000000000000005,3.0
1,0,NaN,NaN
1,1,7.1000000000000005,1.0
1,1,6.1000000000000005,1.0
1,0,NaN,NaN
1,1,9.1,1.0
1,0,NaN,NaN
1,0,NaN,NaN
1,1,5.1000000000000005,1.0
1,0,NaN,NaN
1,0,NaN,NaN
1,1,10.100000000000001,1.0
6,3,8.1,6.0
1,1,9.1,1.0
23,23,6.1000000000000005,11.0
1,1,8.1,1.0
1,1,15.100000000000001,1.0
1,0,NaN,NaN
1,1,4.1000000000000005,1.0
1,1,10.100000000000001,1.0
1,1,6.1000000000000005,1.0
19,18,5.1000000000000005,5.0
1,1,6.1000000000000005,1.0
1,1,10.100000000000001,1.0
2,2,8.1,2.0
2,2,3.1,2.0
1,0,NaN,NaN
1,1,9.1,1.0
6,5,5.1000000000000005,1.0
1,0,NaN,NaN
2,1,14.100000000000001,2.0
1,1,10.100000000000001,1.0
2,2,5.1000000000000005,2.0
1,1,8.1,1.0
2,2,7.1000000000000005,2.0
1,0,NaN,NaN
1,0,NaN,NaN
1,1,6.1000000000000005,1.0
1,0,NaN,NaN
1,0,NaN,NaN
1,0,NaN,NaN
1,0,NaN,NaN
1,1,6.1000000000000005,1.0
1,1,13.100000000000001,1.0
1,1,9.1,1.0
1,1,7.1000000000000005,1.0
1,1,7.1000000000000005,1.0
1,0,NaN,NaN
1,1,3.1,1.0
1,1,12.100000000000001,1.0
10,10,5.1000000000000005,8.0
1,0,NaN,NaN
1,0,NaN,NaN
1,1,11.100000000000001,1.0
1,1,7.1000000000000005,1.0
1,0,NaN,NaN
2,2,6.1000000000000005,1.0
1,1,7.1000000000000005,1.0
1,0,NaN,NaN
1,1,7.1000000000000005,1.0
1,0,NaN,NaN
1,0,NaN,NaN
23,22,5.1000000000000005,4.0
25,25,4.1000000000000005,11.0
1,1,4.1000000000000005,1.0
1,0,NaN,NaN
1,1,8.1,1.0
11,7,5.1000000000000005,5.0
1,1,7.1000000000000005,1.0
1,1,6.1000000000000005,1.0
1,0,NaN,NaN
1,0,NaN,NaN
1,1,5.1000000000000005,1.0
1,1,6.1000000000000005,1.0
1,1,6.1000000000000005,1.0
1,1,5.1000000000000005,1.0
1,1,5.1000000000000005,1.0
1,0,NaN,NaN
1,1,8.1,1.0
18,8,8.1,10.0
2,1,7.1000000000000005,2.0
2,1,15.100000000000001,2.0
1,1,15.100000000000001,1.0
1,1,3.1,1.0
1,0,NaN,NaN
1,0,NaN,NaN
1,1,16.1,1.0
10,5,7.1000000000000005,7.0
1,1,14.100000000000001,1.0
1,0,NaN,NaN
1,1,4.1000000000000005,1.0
1,0,NaN,NaN
1,0,NaN,NaN
3,2,4.1000000000000005,3.0
9,5,7.1000000000000005,1.0
1,0,NaN,NaN
6,0,NaN,NaN
1,0,NaN,NaN
1,0,NaN,NaN
2,2,8.1,2.0
1,1,10.100000000000001,1.0
3,1,16.1,3.0
1,1,7.1000000000000005,1.0
1,0,NaN,NaN
1,1,10.100000000000001,1.0
1,0,NaN,NaN
1,1,5.1000000000000005,1.0
1,0,NaN,NaN
11,10,6.1000000000000005,5.0
1,0,NaN,NaN
3,3,7.1000000000000005,3.0
1,1,6.1000000000000005,1.0
44,34,14.100000000000001,9.0
1,0,NaN,NaN
1,0,NaN,NaN
1,0,NaN,NaN
1,0,NaN,NaN
1,0,NaN,NaN
18,13,11.100000000000001,10.0
1,1,4.1000000000000005,1.0
1,1,4.1000000000000005,1.0
1,1,7.1000000000000005,1.0
1,1,4.1000000000000005,1.0
1,0,NaN,NaN
2,2,6.1000000000000005,2.0
1,0,NaN,NaN
1,0,NaN,NaN
1,0,NaN,NaN
2,2,8.1,2.0
1,0,NaN,NaN
1,0,NaN,NaN
1,1,8.1,1.0
1,0,NaN,NaN
27,20,12.100000000000001,12.0
1,1,9.1,1.0
1,0,NaN,NaN
1,0,NaN,NaN
18,10,7.1000000000000005,7.0
1,0,NaN,NaN
1,0,NaN,NaN
1,1,15.100000000000001,1.0
1,0,NaN,NaN
3,2,16.1,3.0
1,0,NaN,NaN
1,0,NaN,NaN
1,1,11.100000000000001,1.0
1,1,8.1,1.0
1,0,NaN,NaN
1,1,10.100000000000001,1.0
1,0,NaN,NaN
1,1,7.1000000000000005,1.0
2,0,NaN,NaN
1,0,NaN,NaN
1,1,4.1000000000000005,1.0
1,1,5.1000000000000005,1.0
1,1,4.1000000000000005,1.0
1,1,8.1,1.0
1,1,13.100000000000001,1.0
1,0,NaN,NaN
1,1,8.1,1.0
1,1,7.1000000000000005,1.0
1,1,7.1000000000000005,1.0
1,0,NaN,NaN
1,0,NaN,NaN
1,1,6.1000000000000005,1.0
27,19,10.100000000000001,10.0
1,1,8.1,1.0
12,9,7.1000000000000005,6.0
12,9,11.100000000000001,10.0
4,1,16.1,4.0
1,1,7.1000000000000005,1.0
1,1,8.1,1.0
1,1,6.1000000000000005,1.0
1,1,6.1000000000000005,1.0
1,1,8.1,1.0
1,1,6.1000000000000005,1.0
1,1,6.1000000000000005,1.0
1,1,6.1000000000000005,1.0
2,1,14.100000000000001,2.0
1,0,NaN,NaN
1,0,NaN,NaN
2,2,8.1,1.0
1,0,NaN,NaN
1,1,8.1,1.0
1,1,3.1,1.0
1,0,NaN,NaN
1,1,7.1000000000000005,1.0
2,2,10.100000000000001,2.0
1,0,NaN,NaN
1,1,4.1000000000000005,1.0
15,13,6.1000000000000005,4.0
1,1,7.1000000000000005,1.0
8,8,7.1000000000000005,6.0
1,1,10.100000000000001,1.0
1,1,5.1000000000000005,1.0
1,1,4.1000000000000005,1.0
1,1,7.1000000000000005,1.0
1,0,NaN,NaN
1,1,4.1000000000000005,1.0
1,1,10.100000000000001,1.0
1,1,7.1000000000000005,1.0
1,0,NaN,NaN
16,16,8.1,4.0
1,0,NaN,NaN
1,1,8.1,1.0
1,0,NaN,NaN
1,1,5.1000000000000005,1.0
1,1,7.1000000000000005,1.0
23,9,7.1000000000000005,4.0
3,1,12.100000000000001,3.0
1,0,NaN,NaN
1,1,3.1,1.0
6,3,7.1000000000000005,5.0
1,1,9.1,1.0
1,1,10.100000000000001,1.0
22,17,13.100000000000001,4.0
1,1,6.1000000000000005,1.0
1,0,NaN,NaN
3,2,7.1000000000000005,3.0
1,1,9.1,1.0
1,1,4.1000000000000005,1.0
2,2,6.1000000000000005,2.0
1,1,3.1,1.0
1,1,5.1000000000000005,1.0
2,1,8.1,2.0
2,0,NaN,NaN
1,1,4.1000000000000005,1.0
1,1,10.100000000000001,1.0
1,1,3.1,1.0
1,0,NaN,NaN
1,1,12.100000000000001,1.0
1,1,11.100000000000001,1.0
4,1,17.1,4.0
1,1,5.1000000000000005,1.0
2,1,7.1000000000000005,2.0
1,1,7.1000000000000005,1.0
21,14,7.1000000000000005,7.0
1,1,5.1000000000000005,1.0
2,2,12.100000000000001,2.0
1,0,NaN,NaN
1,0,NaN,NaN
1,0,NaN,NaN
1,0,NaN,NaN
2,1,7.1000000000000005,2.0
1,0,NaN,NaN
3,2,10.100000000000001,2.0
21,19,12.100000000000001,11.0
1,0,NaN,NaN
1,0,NaN,NaN
1,0,NaN,NaN
1,1,4.1000000000000005,1.0
1,1,4.1000000000000005,1.0
3,2,5.1000000000000005,1.0
1,0,NaN,NaN
1,1,6.1000000000000005,1.0
2,2,3.1,2.0
1,1,4.1000000000000005,1.0
1,1,9.1,1.0
1,0,NaN,NaN
1,1,4.1000000000000005,1.0
1,0,NaN,NaN
1,1,10.100000000000001,1.0
1,0,NaN,NaN
2,1,14.100000000000001,2.0
1,0,NaN,NaN
4,3,6.1000000000000005,1.0
1,0,NaN,NaN
1,0,NaN,NaN
1,1,6.1000000000000005,1.0
4,1,6.1000000000000005,2.0
1,1,6.1000000000000005,1.0
1,1,5.1000000000000005,1.0
1,0,NaN,NaN
1,1,8.1,1.0
1,1,12.100000000000001,1.0
1,0,NaN,NaN
3,2,17.1,3.0
1,1,11.100000000000001,1.0
1,1,5.1000000000000005,1.0
1,1,8.1,1.0
1,0,NaN,NaN
1,1,7.1000000000000005,1.0
1,1,4.1000000000000005,1.0
1,1,7.1000000000000005,1.0
1,0,NaN,NaN
1,1,8.1,1.0
6,4,12.100000000000001,3.0
1,0,NaN,NaN
1,0,NaN,NaN
1,1,6.1000000000000005,1.0
1,0,NaN,NaN
1,0,NaN,NaN
1,0,NaN,NaN
1,1,8.1,1.0
2,2,8.1,2.0
1,0,NaN,NaN
1,0,NaN,NaN
2,0,NaN,NaN
1,0,NaN,NaN
1,1,8.1,1.0
1,0,NaN,NaN
1,1,3.1,1.0
1,1,6.1000000000000005,1.0
1,1,9.1,1.0
1,0,NaN,NaN
1,1,14.100000000000001,1.0
1,0,NaN,NaN
1,1,6.1000000000000005,1.0
2,1,13.100000000000001,2.0
1,0,NaN,NaN
1,0,NaN,NaN
1,1,7.1000000000000005,1.0
1,1,8.1,1.0
1,0,NaN,NaN
1,0,NaN,NaN
1,1,5.1000000000000005,1.0
1,0,NaN,NaN
1,1,5.1000000000000005,1.0
18,14,11.100000000000001,7.0
11,9,7.1000000000000005,4.0
19,15,7.1000000000000005,3.0
1,0,NaN,NaN
1,1,8.1,1.0
1,1,8.1,1.0
2,2,7.1000000000000005,2.0
1,1,6.1000000000000005,1.0
25,20,10.100000000000001,8.0
1,1,4.1000000000000005,1.0
23,18,7.1000000000000005,8.0
1,0,NaN,NaN
2,1,13.100000000000001,2.0
1,1,4.1000000000000005,1.0
1,1,6.1000000000000005,1.0
1,1,4.1000000000000005,1.0
11,8,9.1,7.0
1,1,5.1000000000000005,1.0
1,1,7.1000000000000005,1.0
2,1,15.100000000000001,2.0
1,0,NaN,NaN
1,0,NaN,NaN
1,0,NaN,NaN
1,1,8.1,1.0
1,0,NaN,NaN
1,1,8.1,1.0
1,1,9.1,1.0
1,1,9.1,1.0
1,1,10.100000000000001,1.0
2,1,11.100000000000001,2.0
1,0,NaN,NaN
1,0,NaN,NaN
1,0,NaN,NaN
2,2,7.1000000000000005,2.0
4,2,12.100000000000001,4.0
14,7,10.100000000000001,5.0
1,1,6.1000000000000005,1.0
1,1,7.1000000000000005,1.0
6,3,24.1,4.0
1,1,8.1,1.0
5,3,15.100000000000001,5.0
1,1,5.1000000000000005,1.0
1,1,7.1000000000000005,1.0
1,1,4.1000000000000005,1.0
1,1,7.1000000000000005,1.0
2,1,18.1,2.0
18,15,11.100000000000001,10.0
1,1,6.1000000000000005,1.0
1,1,11.100000000000001,1.0
1,1,6.1000000000000005,1.0
1,1,6.1000000000000005,1.0
1,1,6.1000000000000005,1.0
1,1,6.1000000000000005,1.0
3,1,12.100000000000001,3.0
1,0,NaN,NaN
1,1,7.1000000000000005,1.0
1,0,NaN,NaN
10,5,13.100000000000001,4.0
1,0,NaN,NaN
1,0,NaN,NaN
1,1,8.1,1.0
1,0,NaN,NaN
1,1,3.1,1.0
1,0,NaN,NaN
1,1,7.1000000000000005,1.0
1,0,NaN,NaN
1,1,2.1,1.0
1,0,NaN,NaN
1,1,9.1,1.0
1,0,NaN,NaN
1,0,NaN,NaN
1,0,NaN,NaN
14,13,14.100000000000001,8.0
1,1,8.1,1.0
17,17,5.1000000000000005,6.0
1,0,NaN,NaN
1,1,6.1000000000000005,1.0
1,0,NaN,NaN
2,2,8.1,2.0
8,3,10.100000000000001,7.0
1,1,9.1,1.0
1,1,6.1000000000000005,1.0
1,1,5.1000000000000005,1.0
1,0,NaN,NaN
1,0,NaN,NaN
1,0,NaN,NaN
1,0,NaN,NaN
1,1,3.1,1.0
1,0,NaN,NaN
1,1,8.1,1.0
1,1,8.1,1.0
2,1,25.1,2.0
1,1,7.1000000000000005,1.0
1,0,NaN,NaN
1,0,NaN,NaN
2,1,15.100000000000001,2.0
1,1,13.100000000000001,1.0
1,1,5.1000000000000005,1.0
1,1,7.1000000000000005,1.0
1,1,8.1,1.0
3,0,NaN,NaN
1,0,NaN,NaN
1,0,NaN,NaN
7,3,7.1000000000000005,5.0
1,1,8.1,1.0
1,1,8.1,1.0
20,18,8.1,19.0
1,1,5.1000000000000005,1.0
9,3,10.100000000000001,2.0
1,0,NaN,NaN
1,1,7.1000000000000005,1.0
1,1,8.1,1.0
1,1,7.1000000000000005,1.0
1,1,7.1000000000000005,1.0
2,0,NaN,NaN
1,0,NaN,NaN
9,3,12.100000000000001,7.0
1,1,8.1,1.0
1,1,10.100000000000001,1.0
1,0,NaN,NaN
1,1,4.1000000000000005,1.0
1,0,NaN,NaN
1,1,4.1000000000000005,1.0
1,0,NaN,NaN
1,0,NaN,NaN
1,0,NaN,NaN
1,1,13.100000000000001,1.0
1,0,NaN,NaN
1,0,NaN,NaN
1,0,NaN,NaN
1,0,NaN,NaN
1,0,NaN,NaN
2,1,7.1000000000000005,1.0
1,0,NaN,NaN
59,52,5.1000000000000005,5.0
1,1,5.1000000000000005,1.0
7,5,12.100000000000001,7.0
1,1,11.100000000000001,1.0
12,9,10.100000000000001,3.0
3,3,9.1,3.0
1,1,5.1000000000000005,1.0
1,0,NaN,NaN
1,0,NaN,NaN
1,0,NaN,NaN
20,11,8.1,15.0
1,0,NaN,NaN
1,0,NaN,NaN
20,17,9.1,7.0
1,1,14.100000000000001,1.0
9,7,10.100000000000001,4.0
3,3,6.1000000000000005,3.0
1,1,6.1000000000000005,1.0
1,0,NaN,NaN
1,1,5.1000000000000005,1.0
1,0,NaN,NaN
3,2,3.1,2.0
1,0,NaN,NaN
1,1,7.1000000000000005,1.0
1,0,NaN,NaN
31,29,5.1000000000000005,2.0
1,0,NaN,NaN
1,0,NaN,NaN
1,1,5.1000000000000005,1.0
1,0,NaN,NaN
1,1,11.100000000000001,1.0
1,1,8.1,1.0
1,1,9.1,1.0
2,2,10.100000000000001,2.0
2,2,9.1,2.0
1,0,NaN,NaN
14,9,9.1,9.0
1,0,NaN,NaN
1,0,NaN,NaN
1,1,8.1,1.0
1,0,NaN,NaN
1,1,18.1,1.0
26,10,25.1,9.0
1,1,4.1000000000000005,1.0
1,0,NaN,NaN
1,0,NaN,NaN
1,0,NaN,NaN
1,1,5.1000000000000005,1.0
1,1,3.1,1.0
1,0,NaN,NaN
1,0,NaN,NaN
1,1,7.1000000000000005,1.0
1,1,7.1000000000000005,1.0
1,1,8.1,1.0
1,1,5.1000000000000005,1.0
1,0,NaN,NaN
1,1,8.1,1.0
1,0,NaN,NaN
1,1,3.1,1.0
1,0,NaN,NaN
1,0,NaN,NaN
1,1,7.1000000000000005,1.0
1,1,7.1000000000000005,1.0
1,0,NaN,NaN
1,1,8.1,1.0
1,0,NaN,NaN
1,1,7.1000000000000005,1.0
1,1,8.1,1.0
1,0,NaN,NaN
1,1,5.1000000000000005,1.0
1,0,NaN,NaN
20,15,5.1000000000000005,6.0
1,1,8.1,1.0
1,0,NaN,NaN
1,1,7.1000000000000005,1.0
1,1,8.1,1.0
8,3,4.1000000000000005,1.0
1,1,4.1000000000000005,1.0
1,1,2.1,1.0
1,1,7.1000000000000005,1.0
1,1,3.1,1.0
1,0,NaN,NaN
1,1,11.100000000000001,1.0
1,1,8.1,1.0
1,1,3.1,1.0
1,0,NaN,NaN
26,15,12.100000000000001,14.0
1,0,NaN,NaN
1,1,15.100000000000001,1.0
1,1,4.1000000000000005,1.0
1,0,NaN,NaN
23,10,7.1000000000000005,3.0
1,1,6.1000000000000005,1.0
36,32,8.1,19.0
1,1,8.1,1.0
14,11,7.1000000000000005,4.0
1,1,7.1000000000000005,1.0
1,0,NaN,NaN
1,0,NaN,NaN
6,6,5.1000000000000005,6.0
1,1,7.1000000000000005,1.0
26,25,7.1000000000000005,11.0
1,1,7.1000000000000005,1.0
1,0,NaN,NaN
1,1,5.1000000000000005,1.0
1,1,10.100000000000001,1.0
1,1,7.1000000000000005,1.0
3,2,7.1000000000000005,1.0
1,0,NaN,NaN
1,0,NaN,NaN
1,0,NaN,NaN
1,1,10.100000000000001,1.0
1,1,11.100000000000001,1.0
1,0,NaN,NaN
1,1,9.1,1.0
1,0,NaN,NaN
1,1,5.1000000000000005,1.0
14,5,11.100000000000001,5.0
1,1,8.1,1.0
1,1,4.1000000000000005,1.0
1,0,NaN,NaN
1,1,7.1000000000000005,1.0
1,0,NaN,NaN
4,3,4.1000000000000005,3.0
1,0,NaN,NaN
1,0,NaN,NaN
2,2,5.1000000000000005,2.0
1,0,NaN,NaN
26,23,6.1000000000000005,4.0
1,1,8.1,1.0
1,1,7.1000000000000005,1.0
4,3,13.100000000000001,3.0
1,1,3.1,1.0
1,1,6.1000000000000005,1.0
1,0,NaN,NaN
27,26,6.1000000000000005,2.0
1,0,NaN,NaN
1,1,5.1000000000000005,1.0
1,1,7.1000000000000005,1.0
7,5,7.1000000000000005,5.0
1,1,6.1000000000000005,1.0
1,1,7.1000000000000005,1.0
1,0,NaN,NaN
1,1,8.1,1.0
3,3,8.1,1.0
1,1,4.1000000000000005,1.0
1,0,NaN,NaN
1,1,11.100000000000001,1.0
1,1,4.1000000000000005,1.0
1,1,9.1,1.0
9,8,6.1000000000000005,4.0
2,2,7.1000000000000005,2.0
2,2,7.1000000000000005,2.0
1,0,NaN,NaN
1,0,NaN,NaN
1,1,6.1000000000000005,1.0
1,1,3.1,1.0
1,0,NaN,NaN
1,1,17.1,1.0
5,4,5.1000000000000005,2.0
1,0,NaN,NaN
1,1,7.1000000000000005,1.0
1,1,9.1,1.0
1,1,3.1,1.0
1,1,9.1,1.0
1,1,4.1000000000000005,1.0
1,1,4.1000000000000005,1.0
1,0,NaN,NaN
1,1,9.1,1.0
1,1,4.1000000000000005,1.0
1,1,8.1,1.0
1,0,NaN,NaN
1,0,NaN,NaN
29,11,13.100000000000001,4.0
1,0,NaN,NaN
1,0,NaN,NaN
1,0,NaN,NaN
1,1,9.1,1.0
1,1,7.1000000000000005,1.0
2,2,5.1000000000000005,2.0
1,1,14.100000000000001,1.0
1,0,NaN,NaN
2,1,22.1,2.0
1,1,7.1000000000000005,1.0
1,1,22.1,1.0
5,3,6.1000000000000005,2.0
1,1,5.1000000000000005,1.0
1,1,5.1000000000000005,1.0
3,1,5.1000000000000005,2.0
1,1,5.1000000000000005,1.0
1,0,NaN,NaN
1,1,7.1000000000000005,1.0
1,1,6.1000000000000005,1.0
1,1,13.100000000000001,1.0
2,1,22.1,2.0
1,0,NaN,NaN
1,0,NaN,NaN
2,2,7.1000000000000005,1.0
1,1,7.1000000000000005,1.0
15,9,9.1,9.0
1,0,NaN,NaN
1,0,NaN,NaN
1,0,NaN,NaN
1,0,NaN,NaN
31,25,5.1000000000000005,9.0
1,0,NaN,NaN
1,0,NaN,NaN
1,1,6.1000000000000005,1.0
1,1,8.1,1.0
1,0,NaN,NaN
1,0,NaN,NaN
1,0,NaN,NaN
1,0,NaN,NaN
1,1,8.1,1.0
2,1,15.100000000000001,2.0
1,1,5.1000000000000005,1.0
5,1,7.1000000000000005,2.0
1,0,NaN,NaN
1,1,9.1,1.0
2,2,5.1000000000000005,2.0
1,0,NaN,NaN
1,1,5.1000000000000005,1.0
1,0,NaN,NaN
4,1,15.100000000000001,3.0
1,1,6.1000000000000005,1.0
1,1,20.1,1.0
1,1,6.1000000000000005,1.0
1,1,5.1000000000000005,1.0
2,1,8.1,2.0
1,0,NaN,NaN
45,32,7.1000000000000005,8.0
1,1,6.1000000000000005,1.0
1,0,NaN,NaN
1,1,4.1000000000000005,1.0
1,1,5.1000000000000005,1.0
1,1,6.1000000000000005,1.0
1,1,4.1000000000000005,1.0
43,41,5.1000000000000005,10.0
1,1,13.100000000000001,1.0
56,39,10.100000000000001,18.0
2,2,13.100000000000001,2.0
1,1,9.1,1.0
1,1,7.1000000000000005,1.0
2,0,NaN,NaN
1,0,NaN,NaN
8,8,7.1000000000000005,5.0
1,1,9.1,1.0
1,1,7.1000000000000005,1.0
1,1,8.1,1.0
1,0,NaN,NaN
22,17,7.1000000000000005,3.0
4,3,5.1000000000000005,3.0
1,1,8.1,1.0
1,1,7.1000000000000005,1.0
12,8,7.1000000000000005,2.0
20,18,6.1000000000000005,4.0
1,1,6.1000000000000005,1.0
2,2,12.100000000000001,2.0
1,1,9.1,1.0
1,0,NaN,NaN
1,1,8.1,1.0
1,1,7.1000000000000005,1.0
1,0,NaN,NaN
1,0,NaN,NaN
1,1,7.1000000000000005,1.0
1,1,12.100000000000001,1.0
1,1,7.1000000000000005,1.0
1,0,NaN,NaN
1,1,14.100000000000001,1.0
7,5,6.1000000000000005,3.0
1,0,NaN,NaN
1,1,8.1,1.0
2,1,3.1,2.0
45,31,13.100000000000001,9.0
1,0,NaN,NaN
1,0,NaN,NaN
1,1,7.1000000000000005,1.0
2,1,17.1,2.0
1,0,NaN,NaN
1,0,NaN,NaN
1,1,6.1000000000000005,1.0
1,0,NaN,NaN
1,0,NaN,NaN
1,0,NaN,NaN
1,0,NaN,NaN
1,0,NaN,NaN
1,1,7.1000000000000005,1.0
1,1,8.1,1.0
1,1,5.1000000000000005,1.0
1,1,4.1000000000000005,1.0
14,12,11.100000000000001,11.0
1,0,NaN,NaN
1,1,6.1000000000000005,1.0
1,0,NaN,NaN
1,1,9.1,1.0
28,24,11.100000000000001,24.0
1,1,6.1000000000000005,1.0
1,1,9.1,1.0
1,1,4.1000000000000005,1.0
1,0,NaN,NaN
1,1,11.100000000000001,1.0
1,1,6.1000000000000005,1.0
1,0,NaN,NaN
1,1,6.1000000000000005,1.0
1,1,8.1,1.0
1,1,7.1000000000000005,1.0
1,1,6.1000000000000005,1.0
1,1,12.100000000000001,1.0
1,1,4.1000000000000005,1.0
1,0,NaN,NaN
1,0,NaN,NaN
1,1,3.1,1.0
2,1,6.1000000000000005,2.0
1,0,NaN,NaN
1,0,NaN,NaN
1,1,8.1,1.0
1,1,5.1000000000000005,1.0
1,1,10.100000000000001,1.0
1,1,6.1000000000000005,1.0
2,1,17.1,2.0
2,0,NaN,NaN
7,3,15.100000000000001,7.0
1,1,7.1000000000000005,1.0
1,1,8.1,1.0
1,1,10.100000000000001,1.0
4,1,24.1,4.0
1,1,6.1000000000000005,1.0
1,1,3.1,1.0
1,0,NaN,NaN
1,0,NaN,NaN
1,0,NaN,NaN
1,0,NaN,NaN
1,0,NaN,NaN
4,2,19.1,4.0
1,0,NaN,NaN
1,1,6.1000000000000005,1.0
1,0,NaN,NaN
1,1,3.1,1.0
1,1,6.1000000000000005,1.0
1,0,NaN,NaN
1,1,9.1,1.0
4,2,7.1000000000000005,3.0
13,9,13.100000000000001,9.0
1,1,7.1000000000000005,1.0
1,1,7.1000000000000005,1.0
1,0,NaN,NaN
1,0,NaN,NaN
1,0,NaN,NaN
3,3,4.1000000000000005,3.0
18,16,16.1,15.0
1,0,NaN,NaN
2,1,4.1000000000000005,2.0
1,1,10.100000000000001,1.0
1,0,NaN,NaN
2,1,16.1,2.0
4,3,3.1,2.0
1,1,7.1000000000000005,1.0
1,0,NaN,NaN
1,0,NaN,NaN
1,1,3.1,1.0
19,8,9.1,13.0
4,3,10.100000000000001,4.0
1,0,NaN,NaN
8,7,10.100000000000001,6.0
1,1,7.1000000000000005,1.0
2,1,13.100000000000001,2.0
1,0,NaN,NaN
7,2,8.1,6.0
1,1,6.1000000000000005,1.0
1,1,5.1000000000000005,1.0
1,0,NaN,NaN
1,1,10.100000000000001,1.0
1,0,NaN,NaN
1,1,4.1000000000000005,1.0
36,31,6.1000000000000005,3.0
1,1,13.100000000000001,1.0
1,0,NaN,NaN
1,1,5.1000000000000005,1.0
2,1,7.1000000000000005,1.0
1,1,4.1000000000000005,1.0
1,0,NaN,NaN
3,1,14.100000000000001,3.0
1,1,6.1000000000000005,1.0
1,0,NaN,NaN
1,0,NaN,NaN
1,0,NaN,NaN
1,1,13.100000000000001,1.0
1,1,6.1000000000000005,1.0
1,1,7.1000000000000005,1.0
1,1,5.1000000000000005,1.0
1,1,15.100000000000001,1.0
1,0,NaN,NaN
1,1,6.1000000000000005,1.0
1,1,5.1000000000000005,1.0
1,1,3.1,1.0
14,10,8.1,4.0
1,0,NaN,NaN
1,1,5.1000000000000005,1.0
1,0,NaN,NaN
1,1,7.1000000000000005,1.0
1,1,10.100000000000001,1.0
1,0,NaN,NaN
1,1,11.100000000000001,1.0
1,1,7.1000000000000005,1.0
1,1,10.100000000000001,1.0
12,7,9.1,7.0
2,0,NaN,NaN
1,0,NaN,NaN
1,0,NaN,NaN
1,1,7.1000000000000005,1.0
1,0,NaN,NaN
1,0,NaN,NaN
4,1,14.100000000000001,4.0
1,1,5.1000000000000005,1.0
1,1,10.100000000000001,1.0
1,1,14.100000000000001,1.0
1,0,NaN,NaN
1,0,NaN,NaN
1,0,NaN,NaN
1,0,NaN,NaN
1,1,7.1000000000000005,1.0
6,3,10.100000000000001,2.0
4,2,6.1000000000000005,2.0
1,1,6.1000000000000005,1.0
1,0,NaN,NaN
3,2,11.100000000000001,3.0
1,0,NaN,NaN
1,1,7.1000000000000005,1.0
1,0,NaN,NaN
14,10,10.100000000000001,2.0
2,2,6.1000000000000005,1.0
1,0,NaN,NaN
1,1,4.1000000000000005,1.0
1,1,7.1000000000000005,1.0
1,0,NaN,NaN
1,1,4.1000000000000005,1.0
2,1,12.100000000000001,2.0
2,2,6.1000000000000005,2.0
1,1,7.1000000000000005,1.0
1,1,5.1000000000000005,1.0
5,3,21.1,3.0
1,0,NaN,NaN
1,1,6.1000000000000005,1.0
7,7,6.1000000000000005,3.0
15,14,6.1000000000000005,10.0
1,1,7.1000000000000005,1.0
1,0,NaN,NaN
5,4,4.1000000000000005,3.0
20,11,19.1,15.0
1,0,NaN,NaN
25,24,10.100000000000001,15.0
2,1,12.100000000000001,2.0
1,1,7.1000000000000005,1.0
1,1,9.1,1.0
1,1,2.1,1.0
1,0,NaN,NaN
1,1,8.1,1.0
1,1,14.100000000000001,1.0
1,1,4.1000000000000005,1.0
1,1,10.100000000000001,1.0
1,1,6.1000000000000005,1.0
1,0,NaN,NaN
21,15,9.1,5.0
1,1,14.100000000000001,1.0
1,1,13.100000000000001,1.0
31,26,5.1000000000000005,3.0
1,1,6.1000000000000005,1.0
1,0,NaN,NaN
1,1,7.1000000000000005,1.0
21,15,8.1,8.0
3,2,7.1000000000000005,2.0
1,1,4.1000000000000005,1.0
1,0,NaN,NaN
1,0,NaN,NaN
1,0,NaN,NaN
1,1,9.1,1.0
1,1,6.1000000000000005,1.0
1,1,8.1,1.0
15,10,13.100000000000001,7.0
4,3,9.1,3.0
1,1,6.1000000000000005,1.0
13,10,6.1000000000000005,11.0
1,0,NaN,NaN
1,1,12.100000000000001,1.0
1,1,4.1000000000000005,1.0
1,1,13.100000000000001,1.0
1,1,7.1000000000000005,1.0
1,0,NaN,NaN
1,0,NaN,NaN
1,0,NaN,NaN
1,0,NaN,NaN
1,1,3.1,1.0
1,0,NaN,NaN
1,1,6.1000000000000005,1.0
2,1,7.1000000000000005,2.0
1,0,NaN,NaN
21,17,7.1000000000000005,16.0
1,0,NaN,NaN
1,0,NaN,NaN
1,0,NaN,NaN
1,1,8.1,1.0
4,4,4.1000000000000005,1.0
1,1,3.1,1.0
1,0,NaN,NaN
1,1,21.1,1.0
7,2,12.100000000000001,6.0
1,1,4.1000000000000005,1.0
1,0,NaN,NaN
1,1,6.1000000000000005,1.0
1,0,NaN,NaN
1,1,5.1000000000000005,1.0
1,1,10.100000000000001,1.0
1,0,NaN,NaN
2,0,NaN,NaN
1,1,3.1,1.0
1,1,8.1,1.0
1,0,NaN,NaN
2,1,23.1,2.0
1,1,7.1000000000000005,1.0
1,1,7.1000000000000005,1.0
15,8,9.1,12.0
1,1,4.1000000000000005,1.0
1,0,NaN,NaN
3,2,4.1000000000000005,2.0
1,0,NaN,NaN
1,0,NaN,NaN
1,1,8.1,1.0
1,0,NaN,NaN
1,1,3.1,1.0
1,1,5.1000000000000005,1.0
1,0,NaN,NaN
1,1,13.100000000000001,1.0
1,0,NaN,NaN
1,0,NaN,NaN
1,0,NaN,NaN
1,1,5.1000000000000005,1.0
1,0,NaN,NaN
4,2,22.1,4.0
1,1,7.1000000000000005,1.0
1,1,13.100000000000001,1.0
1,1,7.1000000000000005,1.0
1,1,5.1000000000000005,1.0
10,5,10.100000000000001,10.0
1,0,NaN,NaN
1,0,NaN,NaN
5,3,6.1000000000000005,3.0
1,1,7.1000000000000005,1.0
11,4,4.1000000000000005,4.0
1,0,NaN,NaN
1,0,NaN,NaN
1,0,NaN,NaN
1,0,NaN,NaN
1,0,NaN,NaN
1,1,6.1000000000000005,1.0
4,2,5.1000000000000005,3.0
1,1,4.1000000000000005,1.0
1,0,NaN,NaN
1,0,NaN,NaN
1,0,NaN,NaN
1,1,5.1000000000000005,1.0
10,7,15.100000000000001,3.0
1,1,11.100000000000001,1.0
22,9,7.1000000000000005,8.0
1,0,NaN,NaN
1,1,7.1000000000000005,1.0
8,8,6.1000000000000005,6.0
1,0,NaN,NaN
1,1,4.1000000000000005,1.0
1,1,8.1,1.0
1,1,7.1000000000000005,1.0
1,1,9.1,1.0
1,1,14.100000000000001,1.0
1,1,7.1000000000000005,1.0
1,1,7.1000000000000005,1.0
1,0,NaN,NaN
1,1,9.1,1.0
1,1,4.1000000000000005,1.0
3,2,14.100000000000001,2.0
1,0,NaN,NaN
1,1,7.1000000000000005,1.0
1,0,NaN,NaN
1,1,7.1000000000000005,1.0
1,0,NaN,NaN
1,1,3.1,1.0
5,3,8.1,5.0
1,1,9.1,1.0
1,0,NaN,NaN
26,21,9.1,3.0
1,0,NaN,NaN
1,1,8.1,1.0
2,0,NaN,NaN
1,0,NaN,NaN
1,0,NaN,NaN
1,1,6.1000000000000005,1.0
1,0,NaN,NaN
1,1,8.1,1.0
1,0,NaN,NaN
1,0,NaN,NaN
1,1,13.100000000000001,1.0
1,0,NaN,NaN
1,1,8.1,1.0
1,1,10.100000000000001,1.0
1,1,6.1000000000000005,1.0
3,1,9.1,3.0
18,7,12.100000000000001,9.0
1,1,5.1000000000000005,1.0
1,0,NaN,NaN
1,0,NaN,NaN
1,1,7.1000000000000005,1.0
1,0,NaN,NaN
1,1,6.1000000000000005,1.0
1,0,NaN,NaN
1,0,NaN,NaN
1,0,NaN,NaN
1,1,3.1,1.0
1,1,7.1000000000000005,1.0
1,0,NaN,NaN
1,0,NaN,NaN
1,1,4.1000000000000005,1.0
1,1,12.100000000000001,1.0
1,1,7.1000000000000005,1.0
1,1,4.1000000000000005,1.0
1,1,10.100000000000001,1.0
2,1,13.100000000000001,2.0
21,20,5.1000000000000005,12.0
1,0,NaN,NaN
1,0,NaN,NaN
1,0,NaN,NaN
2,0,NaN,NaN
1,0,NaN,NaN
1,1,14.100000000000001,1.0
1,1,5.1000000000000005,1.0
1,0,NaN,NaN
1,0,NaN,NaN
1,1,2.1,1.0
1,1,10.100000000000001,1.0
2,1,8.1,2.0
1,0,NaN,NaN
1,0,NaN,NaN
1,1,7.1000000000000005,1.0
1,0,NaN,NaN
1,1,7.1000000000000005,1.0
1,1,6.1000000000000005,1.0
3,2,10.100000000000001,3.0
1,1,6.1000000000000005,1.0
10,7,6.1000000000000005,4.0
8,7,16.1,3.0
2,1,13.100000000000001,2.0
2,2,6.1000000000000005,2.0
1,1,6.1000000000000005,1.0
1,1,2.1,1.0
1,1,6.1000000000000005,1.0
3,2,7.1000000000000005,2.0
1,1,7.1000000000000005,1.0
2,0,NaN,NaN
1,1,5.1000000000000005,1.0
1,0,NaN,NaN
1,0,NaN,NaN
1,0,NaN,NaN
4,2,10.100000000000001,3.0
1,0,NaN,NaN
1,1,13.100000000000001,1.0
1,1,9.1,1.0
1,1,8.1,1.0
6,6,5.1000000000000005,4.0
1,1,6.1000000000000005,1.0
1,1,5.1000000000000005,1.0
5,3,9.1,4.0
1,0,NaN,NaN
1,0,NaN,NaN
1,0,NaN,NaN
1,1,4.1000000000000005,1.0
1,0,NaN,NaN
1,0,NaN,NaN
1,1,8.1,1.0
3,1,7.1000000000000005,3.0
2,0,NaN,NaN
5,1,25.1,5.0
11,8,7.1000000000000005,1.0
1,1,12.100000000000001,1.0
1,1,3.1,1.0
1,0,NaN,NaN
2,1,6.1000000000000005,2.0
1,1,5.1000000000000005,1.0
1,1,14.100000000000001,1.0
11,2,7.1000000000000005,8.0
5,0,NaN,NaN
1,0,NaN,NaN
1,1,6.1000000000000005,1.0
2,0,NaN,NaN
1,1,12.100000000000001,1.0
1,1,11.100000000000001,1.0
1,1,4.1000000000000005,1.0
1,1,15.100000000000001,1.0
1,1,4.1000000000000005,1.0
24,22,4.1000000000000005,5.0
1,1,3.1,1.0
32,18,7.1000000000000005,6.0
1,1,5.1000000000000005,1.0
1,1,7.1000000000000005,1.0
2,2,8.1,2.0
1,1,4.1000000000000005,1.0
2,1,19.1,2.0
1,1,3.1,1.0
2,2,9.1,2.0
1,1,4.1000000000000005,1.0
1,1,8.1,1.0
1,1,9.1,1.0
1,1,5.1000000000000005,1.0
1,0,NaN,NaN
1,0,NaN,NaN
3,3,4.1000000000000005,3.0
1,1,5.1000000000000005,1.0
1,1,3.1,1.0
1,0,NaN,NaN
2,2,6.1000000000000005,1.0
1,0,NaN,NaN
1,1,13.100000000000001,1.0
1,0,NaN,NaN
1,1,10.100000000000001,1.0
1,0,NaN,NaN
17,6,9.1,8.0
1,1,5.1000000000000005,1.0
2,2,10.100000000000001,2.0
1,0,NaN,NaN
1,1,8.1,1.0
1,1,6.1000000000000005,1.0
1,1,4.1000000000000005,1.0
1,1,7.1000000000000005,1.0
1,1,13.100000000000001,1.0
1,1,5.1000000000000005,1.0
4,4,6.1000000000000005,4.0
1,1,6.1000000000000005,1.0
1,1,6.1000000000000005,1.0
1,0,NaN,NaN
18,17,12.100000000000001,8.0
1,1,7.1000000000000005,1.0
1,1,11.100000000000001,1.0
5,3,10.100000000000001,4.0
1,1,15.100000000000001,1.0
1,0,NaN,NaN
2,2,6.1000000000000005,2.0
1,1,11.100000000000001,1.0
1,1,14.100000000000001,1.0
1,1,7.1000000000000005,1.0
1,0,NaN,NaN
1,0,NaN,NaN
1,0,NaN,NaN
6,2,11.100000000000001,6.0
8,7,4.1000000000000005,2.0
1,1,7.1000000000000005,1.0
1,1,8.1,1.0
1,1,3.1,1.0
1,1,7.1000000000000005,1.0
1,1,6.1000000000000005,1.0
1,1,14.100000000000001,1.0
1,1,8.1,1.0
1,0,NaN,NaN
1,0,NaN,NaN
4,2,6.1000000000000005,4.0
15,11,12.100000000000001,10.0
1,1,9.1,1.0
1,1,5.1000000000000005,1.0
1,0,NaN,NaN
1,1,4.1000000000000005,1.0
2,2,7.1000000000000005,1.0
1,1,13.100000000000001,1.0
2,1,10.100000000000001,1.0
1,0,NaN,NaN
15,12,11.100000000000001,13.0
1,1,4.1000000000000005,1.0
35,29,3.1,4.0
1,1,7.1000000000000005,1.0
3,1,7.1000000000000005,3.0
2,0,NaN,NaN
2,0,NaN,NaN
3,2,7.1000000000000005,3.0
2,1,6.1000000000000005,2.0
1,1,8.1,1.0
1,0,NaN,NaN
1,1,13.100000000000001,1.0
1,1,4.1000000000000005,1.0
1,0,NaN,NaN
1,0,NaN,NaN
1,0,NaN,NaN
1,1,8.1,1.0
1,0,NaN,NaN
1,1,6.1000000000000005,1.0
20,18,10.100000000000001,6.0
9,4,6.1000000000000005,3.0
1,0,NaN,NaN
1,0,NaN,NaN
2,2,6.1000000000000005,1.0
2,2,8.1,2.0
1,0,NaN,NaN
1,1,11.100000000000001,1.0
1,1,6.1000000000000005,1.0
1,1,15.100000000000001,1.0
1,0,NaN,NaN
5,3,18.1,5.0
11,9,13.100000000000001,5.0
1,1,5.1000000000000005,1.0
1,0,NaN,NaN
1,1,4.1000000000000005,1.0
1,1,7.1000000000000005,1.0
1,1,9.1,1.0
25,21,16.1,14.0
1,1,6.1000000000000005,1.0
1,0,NaN,NaN
1,1,4.1000000000000005,1.0
1,1,6.1000000000000005,1.0
1,1,4.1000000000000005,1.0
3,2,6.1000000000000005,3.0
1,0,NaN,NaN
1,0,NaN,NaN
1,1,7.1000000000000005,1.0
7,3,9.1,7.0
1,1,6.1000000000000005,1.0
9,7,5.1000000000000005,3.0
1,1,7.1000000000000005,1.0
1,1,5.1000000000000005,1.0
1,1,5.1000000000000005,1.0
1,0,NaN,NaN
1,0,NaN,NaN
9,4,9.1,9.0
8,1,12.100000000000001,8.0
1,1,4.1000000000000005,1.0
1,0,NaN,NaN
2,0,NaN,NaN
1,0,NaN,NaN
1,1,6.1000000000000005,1.0
18,15,5.1000000000000005,7.0
1,1,7.1000000000000005,1.0
1,1,7.1000000000000005,1.0
1,1,7.1000000000000005,1.0
30,25,13.100000000000001,4.0
1,1,8.1,1.0
1,0,NaN,NaN
1,1,7.1000000000000005,1.0
1,1,8.1,1.0
1,0,NaN,NaN
17,17,9.1,4.0
7,6,14.100000000000001,5.0
1,1,7.1000000000000005,1.0
15,7,14.100000000000001,5.0
1,1,5.1000000000000005,1.0
1,1,7.1000000000000005,1.0
1,0,NaN,NaN
4,2,9.1,3.0
1,0,NaN,NaN
7,4,4.1000000000000005,1.0
1,0,NaN,NaN
1,0,NaN,NaN
1,1,8.1,1.0
1,0,NaN,NaN
1,1,12.100000000000001,1.0
1,0,NaN,NaN
1,0,NaN,NaN
1,0,NaN,NaN
1,0,NaN,NaN
1,1,7.1000000000000005,1.0
1,0,NaN,NaN
1,0,NaN,NaN
2,2,7.1000000000000005,2.0
1,0,NaN,NaN
1,0,NaN,NaN
1,0,NaN,NaN
2,0,NaN,NaN
1,0,NaN,NaN
1,0,NaN,NaN
1,0,NaN,NaN
1,1,6.1000000000000005,1.0
1,1,7.1000000000000005,1.0
1,1,7.1000000000000005,1.0
1,1,6.1000000000000005,1.0
14,9,11.100000000000001,6.0
1,1,6.1000000000000005,1.0
1,1,8.1,1.0
1,0,NaN,NaN
1,1,3.1,1.0
1,1,11.100000000000001,1.0
1,0,NaN,NaN
1,1,6.1000000000000005,1.0
1,1,3.1,1.0
3,2,6.1000000000000005,2.0
1,1,13.100000000000001,1.0
1,0,NaN,NaN
1,1,9.1,1.0
1,1,6.1000000000000005,1.0
1,0,NaN,NaN
1,0,NaN,NaN
1,0,NaN,NaN
1,0,NaN,NaN
3,1,13.100000000000001,3.0
10,10,8.1,8.0
1,1,9.1,1.0
1,0,NaN,NaN
1,0,NaN,NaN
1,0,NaN,NaN
1,1,7.1000000000000005,1.0
1,0,NaN,NaN
1,1,7.1000000000000005,1.0
8,4,13.100000000000001,6.0
1,0,NaN,NaN
1,0,NaN,NaN
1,0,NaN,NaN
1,1,10.100000000000001,1.0
2,2,4.1000000000000005,1.0
13,4,8.1,5.0
2,0,NaN,NaN
3,1,14.100000000000001,3.0
1,0,NaN,NaN
1,0,NaN,NaN
1,0,NaN,NaN
1,0,NaN,NaN
1,1,6.1000000000000005,1.0
21,16,7.1000000000000005,3.0
6,2,10.100000000000001,6.0
1,0,NaN,NaN
6,4,9.1,3.0
1,1,8.1,1.0
3,1,20.1,3.0
16,11,5.1000000000000005,6.0
1,1,7.1000000000000005,1.0
1,0,NaN,NaN
1,1,6.1000000000000005,1.0
17,17,6.1000000000000005,7.0
1,1,6.1000000000000005,1.0
6,2,7.1000000000000005,4.0
1,0,NaN,NaN
1,1,7.1000000000000005,1.0
1,1,15.100000000000001,1.0
4,2,15.100000000000001,4.0
1,0,NaN,NaN
1,1,8.1,1.0
1,1,4.1000000000000005,1.0
1,0,NaN,NaN
3,1,21.1,3.0
1,1,5.1000000000000005,1.0
1,1,3.1,1.0
1,0,NaN,NaN
1,1,5.1000000000000005,1.0
1,1,5.1000000000000005,1.0
1,1,9.1,1.0
2,0,NaN,NaN
1,0,NaN,NaN
6,2,12.100000000000001,6.0
1,0,NaN,NaN
3,2,11.100000000000001,3.0
1,0,NaN,NaN
1,0,NaN,NaN
1,1,8.1,1.0
1,1,5.1000000000000005,1.0
1,1,4.1000000000000005,1.0
1,1,7.1000000000000005,1.0
18,15,5.1000000000000005,1.0
1,1,5.1000000000000005,1.0
1,0,NaN,NaN
1,1,11.100000000000001,1.0
5,3,11.100000000000001,4.0
1,0,NaN,NaN
5,3,3.1,2.0
1,1,8.1,1.0
1,0,NaN,NaN
1,0,NaN,NaN
1,1,8.1,1.0
2,1,15.100000000000001,2.0
20,16,13.100000000000001,3.0
1,1,7.1000000000000005,1.0
1,0,NaN,NaN
1,1,9.1,1.0
1,1,8.1,1.0
14,13,7.1000000000000005,1.0
1,1,7.1000000000000005,1.0
1,0,NaN,NaN
2,1,7.1000000000000005,2.0
1,1,6.1000000000000005,1.0
1,1,3.1,1.0
31,21,5.1000000000000005,4.0
1,0,NaN,NaN
1,0,NaN,NaN
1,1,5.1000000000000005,1.0
1,1,5.1000000000000005,1.0
1,0,NaN,NaN
3,1,19.1,3.0
1,0,NaN,NaN
1,1,3.1,1.0
1,0,NaN,NaN
16,6,10.100000000000001,8.0
1,0,NaN,NaN
1,1,6.1000000000000005,1.0
2,2,5.1000000000000005,2.0
1,0,NaN,NaN
1,0,NaN,NaN
2,1,12.100000000000001,2.0
1,1,7.1000000000000005,1.0
1,1,3.1,1.0
1,1,6.1000000000000005,1.0
2,2,8.1,2.0
1,1,6.1000000000000005,1.0
1,1,5.1000000000000005,1.0
1,1,8.1,1.0
1,1,3.1,1.0
1,0,NaN,NaN
1,1,7.1000000000000005,1.0
1,1,10.100000000000001,1.0
1,1,6.1000000000000005,1.0
1,1,4.1000000000000005,1.0
10,10,6.1000000000000005,1.0
1,0,NaN,NaN
3,1,13.100000000000001,2.0
1,1,7.1000000000000005,1.0
2,2,7.1000000000000005,2.0
1,1,4.1000000000000005,1.0
1,1,5.1000000000000005,1.0
1,1,10.100000000000001,1.0
2,1,17.1,2.0
1,1,5.1000000000000005,1.0
1,0,NaN,NaN
1,1,6.1000000000000005,1.0
8,3,23.1,8.0
1,1,7.1000000000000005,1.0
6,5,6.1000000000000005,4.0
1,0,NaN,NaN
1,0,NaN,NaN
1,0,NaN,NaN
1,1,4.1000000000000005,1.0
1,1,10.100000000000001,1.0
1,1,8.1,1.0
1,1,3.1,1.0
1,0,NaN,NaN
1,1,6.1000000000000005,1.0
4,3,9.1,4.0
3,3,9.1,2.0
3,3,5.1000000000000005,3.0
1,1,4.1000000000000005,1.0
22,19,6.1000000000000005,8.0
1,0,NaN,NaN
1,1,7.1000000000000005,1.0
1,0,NaN,NaN
1,0,NaN,NaN
1,1,7.1000000000000005,1.0
1,0,NaN,NaN
1,1,3.1,1.0
3,0,NaN,NaN
1,1,7.1000000000000005,1.0
8,5,9.1,7.0
1,0,NaN,NaN
1,0,NaN,NaN
1,0,NaN,NaN
1,1,11.100000000000001,1.0
2,0,NaN,NaN
1,1,3.1,1.0
1,1,5.1000000000000005,1.0
1,0,NaN,NaN
1,1,4.1000000000000005,1.0
1,0,NaN,NaN
1,0,NaN,NaN
5,3,8.1,3.0
1,1,11.100000000000001,1.0
1,1,10.100000000000001,1.0
1,0,NaN,NaN
2,2,6.1000000000000005,2.0
1,1,7.1000000000000005,1.0
2,1,11.100000000000001,2.0
1,0,NaN,NaN
2,2,7.1000000000000005,2.0
2,1,10.100000000000001,2.0
1,1,8.1,1.0
3,2,7.1000000000000005,3.0
1,1,4.1000000000000005,1.0
1,1,7.1000000000000005,1.0
1,1,4.1000000000000005,1.0
1,1,11.100000000000001,1.0
1,1,4.1000000000000005,1.0
1,1,6.1000000000000005,1.0
1,0,NaN,NaN
3,2,11.100000000000001,3.0
1,1,5.1000000000000005,1.0
24,18,8.1,10.0
1,1,6.1000000000000005,1.0
1,0,NaN,NaN
1,1,13.100000000000001,1.0
1,1,8.1,1.0
4,1,12.100000000000001,4.0
1,0,NaN,NaN
1,0,NaN,NaN
1,1,5.1000000000000005,1.0
5,3,7.1000000000000005,3.0
1,0,NaN,NaN
20,12,16.1,15.0
2,1,29.1,2.0
1,1,4.1000000000000005,1.0
1,1,9.1,1.0
1,1,7.1000000000000005,1.0
1,0,NaN,NaN
4,4,8.1,3.0
1,1,8.1,1.0
1,1,7.1000000000000005,1.0
1,0,NaN,NaN
1,1,6.1000000000000005,1.0
1,0,NaN,NaN
1,1,6.1000000000000005,1.0
1,1,6.1000000000000005,1.0
5,1,31.1,5.0
1,1,7.1000000000000005,1.0
1,1,7.1000000000000005,1.0
1,1,8.1,1.0
1,1,7.1000000000000005,1.0
1,1,3.1,1.0
1,1,4.1000000000000005,1.0
1,1,6.1000000000000005,1.0
1,1,3.1,1.0
1,0,NaN,NaN
1,0,NaN,NaN
8,5,4.1000000000000005,2.0
13,12,9.1,9.0
1,0,NaN,NaN
3,3,13.100000000000001,3.0
1,1,7.1000000000000005,1.0
1,0,NaN,NaN
1,0,NaN,NaN
1,1,7.1000000000000005,1.0
1,0,NaN,NaN
1,1,8.1,1.0
6,3,8.1,5.0
36,21,14.100000000000001,2.0
1,1,7.1000000000000005,1.0
2,1,8.1,2.0
1,0,NaN,NaN
3,2,5.1000000000000005,2.0
4,1,13.100000000000001,4.0
1,1,5.1000000000000005,1.0
2,0,NaN,NaN
1,1,7.1000000000000005,1.0
1,1,4.1000000000000005,1.0
1,0,NaN,NaN
1,0,NaN,NaN
1,1,3.1,1.0
1,1,9.1,1.0
1,0,NaN,NaN
1,1,5.1000000000000005,1.0
1,1,6.1000000000000005,1.0
1,0,NaN,NaN
1,0,NaN,NaN
1,0,NaN,NaN
1,0,NaN,NaN
3,2,13.100000000000001,2.0
2,0,NaN,NaN
3,1,14.100000000000001,3.0
1,1,16.1,1.0
1,0,NaN,NaN
4,3,10.100000000000001,3.0
3,1,22.1,3.0
5,3,9.1,4.0
1,0,NaN,NaN
1,1,7.1000000000000005,1.0
1,0,NaN,NaN
1,0,NaN,NaN
1,1,9.1,1.0
2,2,7.1000000000000005,1.0
1,1,15.100000000000001,1.0
1,0,NaN,NaN
2,0,NaN,NaN
10,10,5.1000000000000005,6.0
1,1,7.1000000000000005,1.0
1,1,10.100000000000001,1.0
1,1,12.100000000000001,1.0
1,0,NaN,NaN
1,1,9.1,1.0
1,1,11.100000000000001,1.0
1,0,NaN,NaN
14,13,5.1000000000000005,7.0
1,1,5.1000000000000005,1.0
4,3,7.1000000000000005,2.0
11,4,11.100000000000001,5.0
5,3,6.1000000000000005,2.0
1,0,NaN,NaN
1,1,4.1000000000000005,1.0
1,1,6.1000000000000005,1.0
1,0,NaN,NaN
1,0,NaN,NaN
1,1,6.1000000000000005,1.0
1,1,6.1000000000000005,1.0
1,0,NaN,NaN
1,1,11.100000000000001,1.0
1,1,4.1000000000000005,1.0
1,0,NaN,NaN
1,0,NaN,NaN
1,0,NaN,NaN
2,2,3.1,1.0
1,0,NaN,NaN
1,0,NaN,NaN
2,2,8.1,1.0
43,29,15.100000000000001,10.0
1,1,4.1000000000000005,1.0
2,1,6.1000000000000005,1.0
1,1,5.1000000000000005,1.0
1,0,NaN,NaN
1,1,4.1000000000000005,1.0
1,0,NaN,NaN
1,0,NaN,NaN
1,1,5.1000000000000005,1.0
38,28,8.1,6.0
1,0,NaN,NaN
3,2,16.1,3.0
1,1,6.1000000000000005,1.0
1,0,NaN,NaN
1,0,NaN,NaN
1,1,4.1000000000000005,1.0
3,1,13.100000000000001,3.0
1,1,7.1000000000000005,1.0
1,1,7.1000000000000005,1.0
3,1,4.1000000000000005,3.0
2,0,NaN,NaN
3,2,6.1000000000000005,3.0
18,10,12.100000000000001,6.0
1,1,6.1000000000000005,1.0
1,0,NaN,NaN
1,1,8.1,1.0
1,0,NaN,NaN
1,1,7.1000000000000005,1.0
1,1,10.100000000000001,1.0
1,1,5.1000000000000005,1.0
1,1,4.1000000000000005,1.0
1,0,NaN,NaN
1,1,5.1000000000000005,1.0
1,1,6.1000000000000005,1.0
1,1,5.1000000000000005,1.0
1,1,7.1000000000000005,1.0
29,25,8.1,12.0
1,0,NaN,NaN
4,2,6.1000000000000005,3.0
1,1,14.100000000000001,1.0
1,1,11.100000000000001,1.0
1,0,NaN,NaN
1,1,10.100000000000001,1.0
1,1,7.1000000000000005,1.0
1,1,7.1000000000000005,1.0
1,0,NaN,NaN
1,0,NaN,NaN
1,0,NaN,NaN
2,1,10.100000000000001,2.0
1,1,5.1000000000000005,1.0
1,1,8.1,1.0
1,0,NaN,NaN
1,0,NaN,NaN
1,1,7.1000000000000005,1.0
2,1,6.1000000000000005,2.0
1,1,7.1000000000000005,1.0
1,1,7.1000000000000005,1.0
1,1,7.1000000000000005,1.0
1,1,3.1,1.0
1,0,NaN,NaN
1,1,13.100000000000001,1.0
1,0,NaN,NaN
2,1,21.1,2.0
1,1,6.1000000000000005,1.0
1,1,8.1,1.0
37,35,10.100000000000001,12.0
1,0,NaN,NaN
2,0,NaN,NaN
5,2,14.100000000000001,4.0
1,1,13.100000000000001,1.0
8,4,10.100000000000001,5.0
1,0,NaN,NaN
1,1,6.1000000000000005,1.0
1,1,7.1000000000000005,1.0
1,1,3.1,1.0
1,0,NaN,NaN
1,1,7.1000000000000005,1.0
1,1,7.1000000000000005,1.0
1,0,NaN,NaN
1,0,NaN,NaN
1,1,4.1000000000000005,1.0
1,0,NaN,NaN
1,1,8.1,1.0
1,0,NaN,NaN
1,1,3.1,1.0
1,1,6.1000000000000005,1.0
4,1,9.1,4.0
1,1,5.1000000000000005,1.0
1,1,8.1,1.0
21,21,14.100000000000001,11.0
1,0,NaN,NaN
14,12,10.100000000000001,10.0
1,1,12.100000000000001,1.0
1,1,3.1,1.0
1,1,6.1000000000000005,1.0
1,1,5.1000000000000005,1.0
1,1,2.1,1.0
1,1,5.1000000000000005,1.0
2,1,6.1000000000000005,2.0
1,0,NaN,NaN
1,0,NaN,NaN
1,1,8.1,1.0
1,1,3.1,1.0
3,1,19.1,3.0
1,1,3.1,1.0
7,2,11.100000000000001,6.0
1,1,8.1,1.0
1,1,7.1000000000000005,1.0
2,1,6.1000000000000005,2.0
1,0,NaN,NaN
1,0,NaN,NaN
1,0,NaN,NaN
48,19,19.1,15.0
1,1,7.1000000000000005,1.0
1,0,NaN,NaN
1,1,13.100000000000001,1.0
2,1,19.1,2.0
1,0,NaN,NaN
1,0,NaN,NaN
2,1,15.100000000000001,2.0
1,0,NaN,NaN
1,1,6.1000000000000005,1.0
1,1,10.100000000000001,1.0
1,0,NaN,NaN
1,1,8.1,1.0
12,7,8.1,7.0
1,1,10.100000000000001,1.0
1,1,6.1000000000000005,1.0
1,1,7.1000000000000005,1.0
1,1,7.1000000000000005,1.0
1,0,NaN,NaN
1,1,6.1000000000000005,1.0
2,2,6.1000000000000005,2.0
6,3,10.100000000000001,6.0
1,1,7.1000000000000005,1.0
1,0,NaN,NaN
7,6,4.1000000000000005,2.0
1,1,5.1000000000000005,1.0
1,1,4.1000000000000005,1.0
1,1,9.1,1.0
9,7,20.1,1.0
11,8,7.1000000000000005,1.0
1,1,14.100000000000001,1.0
4,2,8.1,4.0
24,20,18.1,5.0
1,0,NaN,NaN
1,1,9.1,1.0
1,1,5.1000000000000005,1.0
1,1,9.1,1.0
1,1,7.1000000000000005,1.0
1,0,NaN,NaN
1,1,6.1000000000000005,1.0
1,1,8.1,1.0
1,0,NaN,NaN
1,0,NaN,NaN
1,0,NaN,NaN
1,0,NaN,NaN
1,0,NaN,NaN
1,1,9.1,1.0
1,0,NaN,NaN
1,1,11.100000000000001,1.0
16,6,14.100000000000001,4.0
1,1,7.1000000000000005,1.0
1,0,NaN,NaN
1,0,NaN,NaN
1,0,NaN,NaN
1,0,NaN,NaN
1,0,NaN,NaN
1,1,8.1,1.0
2,1,14.100000000000001,2.0
1,0,NaN,NaN
1,0,NaN,NaN
1,0,NaN,NaN
1,1,9.1,1.0
1,0,NaN,NaN
1,0,NaN,NaN
1,1,9.1,1.0
1,0,NaN,NaN
1,0,NaN,NaN
1,0,NaN,NaN
1,0,NaN,NaN
1,1,9.1,1.0
1,1,10.100000000000001,1.0
1,1,4.1000000000000005,1.0
1,1,6.1000000000000005,1.0
1,0,NaN,NaN
3,3,3.1,1.0
1,1,3.1,1.0
1,1,5.1000000000000005,1.0
1,0,NaN,NaN
1,0,NaN,NaN
1,0,NaN,NaN
3,1,11.100000000000001,3.0
1,0,NaN,NaN
1,0,NaN,NaN
2,1,3.1,1.0
1,1,5.1000000000000005,1.0
11,5,10.100000000000001,6.0
1,0,NaN,NaN
1,1,5.1000000000000005,1.0
1,0,NaN,NaN
1,1,7.1000000000000005,1.0
1,0,NaN,NaN
2,1,6.1000000000000005,2.0
1,0,NaN,NaN
5,4,4.1000000000000005,4.0
1,0,NaN,NaN
1,1,7.1000000000000005,1.0
1,0,NaN,NaN
1,0,NaN,NaN
1,0,NaN,NaN
1,0,NaN,NaN
1,0,NaN,NaN
1,1,5.1000000000000005,1.0
2,2,8.1,2.0
1,1,6.1000000000000005,1.0
1,0,NaN,NaN
1,0,NaN,NaN
1,1,8.1,1.0
1,1,6.1000000000000005,1.0
1,0,NaN,NaN
1,0,NaN,NaN
1,0,NaN,NaN
2,1,24.1,2.0
1,1,7.1000000000000005,1.0
1,0,NaN,NaN
1,0,NaN,NaN
1,1,5.1000000000000005,1.0
1,1,6.1000000000000005,1.0
1,1,11.100000000000001,1.0
1,0,NaN,NaN
2,1,5.1000000000000005,1.0
1,1,5.1000000000000005,1.0
1,1,8.1,1.0
1,1,9.1,1.0
5,2,14.100000000000001,3.0
1,1,6.1000000000000005,1.0
1,1,6.1000000000000005,1.0
1,1,10.100000000000001,1.0
2,2,9.1,2.0
2,0,NaN,NaN
2,1,7.1000000000000005,2.0
1,1,5.1000000000000005,1.0
2,1,7.1000000000000005,2.0
1,1,10.100000000000001,1.0
1,1,5.1000000000000005,1.0
1,1,8.1,1.0
1,1,7.1000000000000005,1.0
1,0,NaN,NaN
1,1,13.100000000000001,1.0
28,16,5.1000000000000005,2.0
5,4,11.100000000000001,4.0
2,1,4.1000000000000005,1.0
1,0,NaN,NaN
1,1,7.1000000000000005,1.0
1,1,13.100000000000001,1.0
3,1,9.1,2.0
1,1,6.1000000000000005,1.0
1,1,6.1000000000000005,1.0
14,7,6.1000000000000005,5.0
23,20,9.1,4.0
1,0,NaN,NaN
6,4,5.1000000000000005,2.0
1,0,NaN,NaN
1,1,8.1,1.0
2,2,6.1000000000000005,1.0
2,2,10.100000000000001,2.0
1,1,10.100000000000001,1.0
4,2,13.100000000000001,4.0
2,2,15.100000000000001,2.0
1,0,NaN,NaN
1,0,NaN,NaN
1,0,NaN,NaN
1,1,7.1000000000000005,1.0
8,6,8.1,3.0
1,0,NaN,NaN
1,0,NaN,NaN
1,0,NaN,NaN
1,1,7.1000000000000005,1.0
1,0,NaN,NaN
1,1,8.1,1.0
5,2,8.1,5.0
1,1,6.1000000000000005,1.0
1,1,3.1,1.0
1,1,6.1000000000000005,1.0
2,1,7.1000000000000005,2.0
30,21,12.100000000000001,9.0
2,1,8.1,2.0
1,1,14.100000000000001,1.0
1,1,9.1,1.0
1,1,5.1000000000000005,1.0
3,2,8.1,2.0
14,8,27.1,11.0
1,1,8.1,1.0
8,4,4.1000000000000005,2.0
1,1,4.1000000000000005,1.0
1,1,10.100000000000001,1.0
2,0,NaN,NaN
8,6,8.1,2.0
1,0,NaN,NaN
30,21,14.100000000000001,6.0
1,0,NaN,NaN
1,0,NaN,NaN
1,1,7.1000000000000005,1.0
1,0,NaN,NaN
1,0,NaN,NaN
3,1,15.100000000000001,3.0
1,1,6.1000000000000005,1.0
1,1,8.1,1.0
1,1,5.1000000000000005,1.0
1,0,NaN,NaN
1,0,NaN,NaN
4,2,16.1,4.0
1,1,4.1000000000000005,1.0
1,0,NaN,NaN
2,1,12.100000000000001,2.0
1,1,8.1,1.0
1,1,6.1000000000000005,1.0
18,12,7.1000000000000005,9.0
1,1,8.1,1.0
1,0,NaN,NaN
1,0,NaN,NaN
1,1,7.1000000000000005,1.0
1,1,12.100000000000001,1.0
1,1,7.1000000000000005,1.0
1,1,6.1000000000000005,1.0
1,1,8.1,1.0
2,2,8.1,2.0
1,0,NaN,NaN
1,1,7.1000000000000005,1.0
1,1,4.1000000000000005,1.0
3,2,6.1000000000000005,2.0
11,7,6.1000000000000005,3.0
1,1,6.1000000000000005,1.0
2,1,15.100000000000001,2.0
1,1,5.1000000000000005,1.0
1,0,NaN,NaN
1,0,NaN,NaN
1,0,NaN,NaN
2,2,7.1000000000000005,2.0
1,0,NaN,NaN
8,5,5.1000000000000005,4.0
6,4,14.100000000000001,6.0
1,1,8.1,1.0
1,0,NaN,NaN
1,0,NaN,NaN
1,1,10.100000000000001,1.0
1,0,NaN,NaN
1,1,16.1,1.0
1,0,NaN,NaN
1,0,NaN,NaN
1,0,NaN,NaN
3,0,NaN,NaN
1,1,8.1,1.0
1,0,NaN,NaN
1,1,15.100000000000001,1.0
1,0,NaN,NaN
1,0,NaN,NaN
1,1,7.1000000000000005,1.0
1,0,NaN,NaN
1,1,5.1000000000000005,1.0
7,4,15.100000000000001,7.0
1,0,NaN,NaN
1,0,NaN,NaN
1,0,NaN,NaN
1,1,7.1000000000000005,1.0
1,1,6.1000000000000005,1.0
6,2,14.100000000000001,5.0
1,1,7.1000000000000005,1.0
1,0,NaN,NaN
1,1,5.1000000000000005,1.0
1,0,NaN,NaN
2,2,8.1,2.0
1,1,7.1000000000000005,1.0
1,0,NaN,NaN
1,1,7.1000000000000005,1.0
1,1,8.1,1.0
1,0,NaN,NaN
1,1,13.100000000000001,1.0
1,1,9.1,1.0
1,1,7.1000000000000005,1.0
1,0,NaN,NaN
1,1,8.1,1.0
1,0,NaN,NaN
1,1,10.100000000000001,1.0
1,0,NaN,NaN
1,1,6.1000000000000005,1.0
1,0,NaN,NaN
1,0,NaN,NaN
1,0,NaN,NaN
1,0,NaN,NaN
1,1,12.100000000000001,1.0
2,2,5.1000000000000005,1.0
1,0,NaN,NaN
1,1,8.1,1.0
1,1,8.1,1.0
1,0,NaN,NaN
1,0,NaN,NaN
1,0,NaN,NaN
1,1,6.1000000000000005,1.0
1,1,10.100000000000001,1.0
1,1,7.1000000000000005,1.0
1,1,9.1,1.0
1,0,NaN,NaN
1,1,3.1,1.0
20,19,3.1,2.0
1,1,6.1000000000000005,1.0
1,0,NaN,NaN
1,1,10.100000000000001,1.0
1,0,NaN,NaN
1,0,NaN,NaN
1,1,11.100000000000001,1.0
1,0,NaN,NaN
1,1,4.1000000000000005,1.0
4,4,6.1000000000000005,3.0
1,0,NaN,NaN
1,1,2.1,1.0
10,5,9.1,8.0
1,1,6.1000000000000005,1.0
2,2,8.1,2.0
1,0,NaN,NaN
1,0,NaN,NaN
1,0,NaN,NaN
1,1,13.100000000000001,1.0
1,1,8.1,1.0
2,2,10.100000000000001,2.0
1,1,7.1000000000000005,1.0
1,0,NaN,NaN
1,0,NaN,NaN
1,1,4.1000000000000005,1.0
1,0,NaN,NaN
1,0,NaN,NaN
1,1,7.1000000000000005,1.0
1,1,3.1,1.0
4,1,16.1,4.0
1,0,NaN,NaN
1,0,NaN,NaN
1,1,7.1000000000000005,1.0
1,0,NaN,NaN
1,1,15.100000000000001,1.0
1,1,10.100000000000001,1.0
4,2,8.1,4.0
1,1,5.1000000000000005,1.0
1,0,NaN,NaN
1,1,12.100000000000001,1.0
1,0,NaN,NaN
1,0,NaN,NaN
1,1,17.1,1.0
1,1,9.1,1.0
1,1,9.1,1.0
1,0,NaN,NaN
1,0,NaN,NaN
1,0,NaN,NaN
14,12,8.1,7.0
1,0,NaN,NaN
1,0,NaN,NaN
1,1,9.1,1.0
1,1,7.1000000000000005,1.0
1,0,NaN,NaN
1,0,NaN,NaN
1,1,6.1000000000000005,1.0
1,1,16.1,1.0
1,0,NaN,NaN
2,2,4.1000000000000005,2.0
7,2,5.1000000000000005,1.0
3,0,NaN,NaN
1,1,5.1000000000000005,1.0
1,0,NaN,NaN
3,3,4.1000000000000005,2.0
8,6,12.100000000000001,6.0
1,0,NaN,NaN
1,0,NaN,NaN
1,0,NaN,NaN
1,0,NaN,NaN
1,1,6.1000000000000005,1.0
1,0,NaN,NaN
1,1,10.100000000000001,1.0
6,4,7.1000000000000005,1.0
1,1,6.1000000000000005,1.0
1,1,7.1000000000000005,1.0
8,4,7.1000000000000005,4.0
1,0,NaN,NaN
4,4,8.1,2.0
22,20,11.100000000000001,13.0
1,1,5.1000000000000005,1.0
1,1,4.1000000000000005,1.0
1,0,NaN,NaN
2,2,6.1000000000000005,2.0
1,0,NaN,NaN
1,0,NaN,NaN
1,1,6.1000000000000005,1.0
1,1,8.1,1.0
2,1,12.100000000000001,2.0
1,1,20.1,1.0
1,0,NaN,NaN
1,1,14.100000000000001,1.0
1,1,7.1000000000000005,1.0
1,1,5.1000000000000005,1.0
1,1,4.1000000000000005,1.0
1,0,NaN,NaN
1,1,6.1000000000000005,1.0
1,0,NaN,NaN
39,32,6.1000000000000005,2.0
1,1,3.1,1.0
16,13,7.1000000000000005,9.0
1,0,NaN,NaN
1,0,NaN,NaN
1,0,NaN,NaN
1,1,13.100000000000001,1.0
1,1,5.1000000000000005,1.0
1,1,7.1000000000000005,1.0
1,0,NaN,NaN
1,1,10.100000000000001,1.0
1,0,NaN,NaN
8,3,12.100000000000001,8.0
1,1,8.1,1.0
1,0,NaN,NaN
1,1,3.1,1.0
3,3,9.1,3.0
1,0,NaN,NaN
1,1,7.1000000000000005,1.0
2,1,5.1000000000000005,1.0
3,2,21.1,3.0
1,0,NaN,NaN
1,1,3.1,1.0
6,4,6.1000000000000005,1.0
2,1,12.100000000000001,2.0
1,1,5.1000000000000005,1.0
1,1,4.1000000000000005,1.0
1,1,13.100000000000001,1.0
1,1,11.100000000000001,1.0
1,0,NaN,NaN
1,1,5.1000000000000005,1.0
1,1,19.1,1.0
1,1,8.1,1.0
5,5,4.1000000000000005,5.0
1,1,10.100000000000001,1.0
1,1,5.1000000000000005,1.0
4,3,7.1000000000000005,3.0
4,2,8.1,4.0
2,1,7.1000000000000005,2.0
1,1,3.1,1.0
1,1,4.1000000000000005,1.0
1,1,7.1000000000000005,1.0
1,0,NaN,NaN
15,7,3.1,2.0
1,1,9.1,1.0
17,12,31.1,5.0
1,0,NaN,NaN
33,27,4.1000000000000005,3.0
1,0,NaN,NaN
1,0,NaN,NaN
3,1,15.100000000000001,3.0
1,1,8.1,1.0
3,0,NaN,NaN
1,1,4.1000000000000005,1.0
9,3,13.100000000000001,6.0
1,1,5.1000000000000005,1.0
5,3,16.1,5.0
1,0,NaN,NaN
1,1,8.1,1.0
14,10,7.1000000000000005,7.0
1,0,NaN,NaN
2,0,NaN,NaN
1,1,4.1000000000000005,1.0
1,1,7.1000000000000005,1.0
1,1,7.1000000000000005,1.0
1,1,6.1000000000000005,1.0
9,4,12.100000000000001,9.0
1,0,NaN,NaN
1,1,7.1000000000000005,1.0
2,2,10.100000000000001,2.0
1,1,7.1000000000000005,1.0
1,1,10.100000000000001,1.0
1,0,NaN,NaN
3,3,7.1000000000000005,3.0
1,1,6.1000000000000005,1.0
1,0,NaN,NaN
1,1,7.1000000000000005,1.0
1,1,7.1000000000000005,1.0
1,0,NaN,NaN
1,0,NaN,NaN
1,0,NaN,NaN
1,0,NaN,NaN
4,3,11.100000000000001,4.0
3,2,7.1000000000000005,2.0
1,0,NaN,NaN
1,0,NaN,NaN
1,1,7.1000000000000005,1.0
1,1,7.1000000000000005,1.0
1,0,NaN,NaN
1,0,NaN,NaN
1,0,NaN,NaN
1,1,10.100000000000001,1.0
1,1,4.1000000000000005,1.0
1,0,NaN,NaN
1,1,3.1,1.0
1,1,7.1000000000000005,1.0
5,4,5.1000000000000005,1.0
1,1,8.1,1.0
1,1,14.100000000000001,1.0
16,16,5.1000000000000005,4.0
1,1,9.1,1.0
11,10,6.1000000000000005,5.0
2,1,9.1,2.0
1,1,5.1000000000000005,1.0
9,6,4.1000000000000005,2.0
2,2,4.1000000000000005,1.0
1,1,6.1000000000000005,1.0
1,1,17.1,1.0
1,1,7.1000000000000005,1.0
1,0,NaN,NaN
1,0,NaN,NaN
1,1,7.1000000000000005,1.0
1,1,3.1,1.0
1,1,5.1000000000000005,1.0
1,0,NaN,NaN
1,0,NaN,NaN
1,0,NaN,NaN
1,1,8.1,1.0
1,0,NaN,NaN
12,7,9.1,6.0
1,0,NaN,NaN
1,0,NaN,NaN
1,1,5.1000000000000005,1.0
1,1,13.100000000000001,1.0
1,1,13.100000000000001,1.0
1,0,NaN,NaN
1,1,6.1000000000000005,1.0
1,0,NaN,NaN
1,0,NaN,NaN
1,1,3.1,1.0
3,1,9.1,1.0
1,1,4.1000000000000005,1.0
1,1,10.100000000000001,1.0
18,8,19.1,13.0
1,1,11.100000000000001,1.0
1,0,NaN,NaN
1,1,6.1000000000000005,1.0
1,1,8.1,1.0
8,5,3.1,4.0
1,0,NaN,NaN
1,1,8.1,1.0
1,1,5.1000000000000005,1.0
2,1,6.1000000000000005,1.0
1,0,NaN,NaN
1,0,NaN,NaN
3,3,7.1000000000000005,3.0
2,2,7.1000000000000005,2.0
1,1,4.1000000000000005,1.0
1,1,8.1,1.0
1,0,NaN,NaN
4,2,7.1000000000000005,2.0
2,2,5.1000000000000005,2.0
1,1,8.1,1.0
1,1,7.1000000000000005,1.0
3,2,3.1,1.0
1,0,NaN,NaN
3,2,9.1,2.0
1,0,NaN,NaN
1,0,NaN,NaN
1,0,NaN,NaN
1,1,4.1000000000000005,1.0
1,1,6.1000000000000005,1.0
1,1,9.1,1.0
1,0,NaN,NaN
1,1,7.1000000000000005,1.0
10,9,13.100000000000001,8.0
1,1,7.1000000000000005,1.0
3,1,7.1000000000000005,3.0
6,2,6.1000000000000005,3.0
1,1,28.1,1.0
1,1,7.1000000000000005,1.0
7,2,7.1000000000000005,6.0
1,1,4.1000000000000005,1.0
1,1,6.1000000000000005,1.0
1,0,NaN,NaN
1,0,NaN,NaN
1,0,NaN,NaN
1,0,NaN,NaN
10,9,12.100000000000001,7.0
1,1,4.1000000000000005,1.0
1,1,6.1000000000000005,1.0
2,1,18.1,2.0
1,1,8.1,1.0
1,0,NaN,NaN
1,1,10.100000000000001,1.0
1,0,NaN,NaN
1,1,4.1000000000000005,1.0
1,0,NaN,NaN
1,1,9.1,1.0
2,2,6.1000000000000005,2.0
1,0,NaN,NaN
1,1,11.100000000000001,1.0
3,1,14.100000000000001,3.0
1,1,11.100000000000001,1.0
1,0,NaN,NaN
17,9,7.1000000000000005,10.0
1,0,NaN,NaN
1,1,7.1000000000000005,1.0
17,5,14.100000000000001,17.0
4,2,15.100000000000001,4.0
1,0,NaN,NaN
1,1,5.1000000000000005,1.0
1,0,NaN,NaN
1,1,7.1000000000000005,1.0
1,0,NaN,NaN
6,5,6.1000000000000005,2.0
6,3,6.1000000000000005,4.0
1,1,4.1000000000000005,1.0
1,0,NaN,NaN
1,0,NaN,NaN
1,0,NaN,NaN
1,1,9.1,1.0
1,1,5.1000000000000005,1.0
1,1,14.100000000000001,1.0
2,1,15.100000000000001,2.0
1,1,7.1000000000000005,1.0
7,4,7.1000000000000005,3.0
5,5,4.1000000000000005,3.0
1,0,NaN,NaN
1,0,NaN,NaN
1,1,5.1000000000000005,1.0
1,1,8.1,1.0
1,0,NaN,NaN
1,1,11.100000000000001,1.0
1,0,NaN,NaN
1,1,11.100000000000001,1.0
1,0,NaN,NaN
14,5,11.100000000000001,12.0
1,1,8.1,1.0
1,1,4.1000000000000005,1.0
1,1,12.100000000000001,1.0
3,2,5.1000000000000005,1.0
1,0,NaN,NaN
1,0,NaN,NaN
1,0,NaN,NaN
1,1,4.1000000000000005,1.0
1,0,NaN,NaN
1,1,3.1,1.0
1,0,NaN,NaN
1,1,3.1,1.0
1,1,8.1,1.0
1,0,NaN,NaN
1,1,8.1,1.0
3,2,9.1,3.0
1,1,6.1000000000000005,1.0
1,1,6.1000000000000005,1.0
1,1,9.1,1.0
10,9,4.1000000000000005,7.0
1,0,NaN,NaN
1,0,NaN,NaN
7,5,13.100000000000001,4.0
1,1,10.100000000000001,1.0
5,4,9.1,5.0
6,4,11.100000000000001,4.0
1,1,6.1000000000000005,1.0
1,1,8.1,1.0
1,1,7.1000000000000005,1.0
1,1,5.1000000000000005,1.0
1,1,7.1000000000000005,1.0
1,0,NaN,NaN
1,1,11.100000000000001,1.0
1,1,20.1,1.0
1,1,12.100000000000001,1.0
1,1,7.1000000000000005,1.0
1,1,4.1000000000000005,1.0
2,1,6.1000000000000005,2.0
1,0,NaN,NaN
1,1,4.1000000000000005,1.0
1,1,4.1000000000000005,1.0
1,0,NaN,NaN
1,1,8.1,1.0
1,0,NaN,NaN
46,40,9.1,13.0
1,0,NaN,NaN
1,0,NaN,NaN
1,1,8.1,1.0
1,0,NaN,NaN
1,1,14.100000000000001,1.0
1,1,9.1,1.0
1,1,4.1000000000000005,1.0
1,0,NaN,NaN
1,1,7.1000000000000005,1.0
9,5,8.1,2.0
1,0,NaN,NaN
31,28,14.100000000000001,5.0
1,1,3.1,1.0
1,0,NaN,NaN
1,0,NaN,NaN
3,3,7.1000000000000005,3.0
1,1,4.1000000000000005,1.0
1,1,7.1000000000000005,1.0
1,1,6.1000000000000005,1.0
1,0,NaN,NaN
1,1,10.100000000000001,1.0
1,1,7.1000000000000005,1.0
1,0,NaN,NaN
2,2,9.1,2.0
1,1,9.1,1.0
1,0,NaN,NaN
16,13,10.100000000000001,9.0
1,1,6.1000000000000005,1.0
1,1,3.1,1.0
1,1,8.1,1.0
1,1,11.100000000000001,1.0
1,1,5.1000000000000005,1.0
1,0,NaN,NaN
7,2,8.1,3.0
1,1,7.1000000000000005,1.0
2,2,6.1000000000000005,2.0
1,0,NaN,NaN
1,1,7.1000000000000005,1.0
1,0,NaN,NaN
2,2,6.1000000000000005,2.0
1,1,8.1,1.0
1,0,NaN,NaN
26,11,7.1000000000000005,8.0
1,0,NaN,NaN
1,1,5.1000000000000005,1.0
1,1,7.1000000000000005,1.0
1,0,NaN,NaN
1,0,NaN,NaN
1,0,NaN,NaN
1,1,7.1000000000000005,1.0
1,0,NaN,NaN
1,1,7.1000000000000005,1.0
1,1,6.1000000000000005,1.0
36,26,3.1,1.0
1,1,5.1000000000000005,1.0
1,0,NaN,NaN
1,0,NaN,NaN
1,1,6.1000000000000005,1.0
1,0,NaN,NaN
1,0,NaN,NaN
1,0,NaN,NaN
1,0,NaN,NaN
1,1,6.1000000000000005,1.0
6,2,11.100000000000001,3.0
1,0,NaN,NaN
1,1,11.100000000000001,1.0
1,1,7.1000000000000005,1.0
19,17,7.1000000000000005,6.0
3,2,13.100000000000001,3.0
17,11,4.1000000000000005,1.0
1,1,7.1000000000000005,1.0
1,0,NaN,NaN
3,1,4.1000000000000005,3.0
1,1,4.1000000000000005,1.0
1,0,NaN,NaN
1,1,3.1,1.0
1,1,7.1000000000000005,1.0
1,1,6.1000000000000005,1.0
1,0,NaN,NaN
1,1,10.100000000000001,1.0
1,1,8.1,1.0
1,1,5.1000000000000005,1.0
1,1,7.1000000000000005,1.0
1,1,5.1000000000000005,1.0
1,0,NaN,NaN
1,1,5.1000000000000005,1.0
1,1,10.100000000000001,1.0
1,1,6.1000000000000005,1.0
1,0,NaN,NaN
1,0,NaN,NaN
1,1,12.100000000000001,1.0
1,0,NaN,NaN
1,0,NaN,NaN
31,24,7.1000000000000005,8.0
3,1,7.1000000000000005,3.0
1,0,NaN,NaN
1,1,9.1,1.0
1,1,5.1000000000000005,1.0
1,1,8.1,1.0
1,0,NaN,NaN
1,0,NaN,NaN
5,4,6.1000000000000005,2.0
1,1,6.1000000000000005,1.0
1,1,5.1000000000000005,1.0
1,0,NaN,NaN
1,1,6.1000000000000005,1.0
1,1,12.100000000000001,1.0
1,0,NaN,NaN
5,3,13.100000000000001,4.0
1,0,NaN,NaN
1,0,NaN,NaN
3,2,12.100000000000001,3.0
2,2,8.1,2.0
1,0,NaN,NaN
3,3,12.100000000000001,3.0
1,1,10.100000000000001,1.0
1,1,6.1000000000000005,1.0
1,1,6.1000000000000005,1.0
1,1,6.1000000000000005,1.0
1,1,14.100000000000001,1.0
1,1,7.1000000000000005,1.0
1,1,4.1000000000000005,1.0
1,1,5.1000000000000005,1.0
1,0,NaN,NaN
1,0,NaN,NaN
1,1,4.1000000000000005,1.0
6,5,12.100000000000001,5.0
1,1,4.1000000000000005,1.0
1,0,NaN,NaN
1,0,NaN,NaN
1,0,NaN,NaN
1,1,14.100000000000001,1.0
1,0,NaN,NaN
1,1,14.100000000000001,1.0
4,0,NaN,NaN
22,20,7.1000000000000005,2.0
1,0,NaN,NaN
1,1,10.100000000000001,1.0
1,1,7.1000000000000005,1.0
25,21,8.1,11.0
1,1,6.1000000000000005,1.0
8,5,6.1000000000000005,2.0
1,1,8.1,1.0
1,1,7.1000000000000005,1.0
1,1,5.1000000000000005,1.0
1,0,NaN,NaN
1,1,3.1,1.0
2,1,4.1000000000000005,1.0
17,12,10.100000000000001,5.0
1,1,6.1000000000000005,1.0
2,2,6.1000000000000005,2.0
3,2,7.1000000000000005,3.0
1,0,NaN,NaN
1,1,5.1000000000000005,1.0
1,0,NaN,NaN
1,0,NaN,NaN
1,1,5.1000000000000005,1.0
3,1,10.100000000000001,3.0
1,1,9.1,1.0
2,2,4.1000000000000005,1.0
1,0,NaN,NaN
2,1,16.1,2.0
1,1,8.1,1.0
1,1,8.1,1.0
1,1,7.1000000000000005,1.0
1,1,8.1,1.0
1,0,NaN,NaN
7,6,10.100000000000001,6.0
1,0,NaN,NaN
1,0,NaN,NaN
1,0,NaN,NaN
1,0,NaN,NaN
1,1,7.1000000000000005,1.0
1,0,NaN,NaN
1,0,NaN,NaN
6,5,5.1000000000000005,3.0
2,2,6.1000000000000005,2.0
1,0,NaN,NaN
1,0,NaN,NaN
1,0,NaN,NaN
2,0,NaN,NaN
3,1,20.1,3.0
1,0,NaN,NaN
1,1,5.1000000000000005,1.0
4,2,8.1,4.0
1,0,NaN,NaN
11,6,7.1000000000000005,3.0
1,1,5.1000000000000005,1.0
14,13,5.1000000000000005,8.0
2,2,5.1000000000000005,2.0
1,1,6.1000000000000005,1.0
1,1,7.1000000000000005,1.0
17,11,25.1,12.0
1,0,NaN,NaN
3,1,18.1,3.0
1,0,NaN,NaN
1,1,6.1000000000000005,1.0
2,1,5.1000000000000005,1.0
1,0,NaN,NaN
1,1,9.1,1.0
1,1,4.1000000000000005,1.0
1,1,9.1,1.0
40,37,13.100000000000001,29.0
1,0,NaN,NaN
1,0,NaN,NaN
1,0,NaN,NaN
1,0,NaN,NaN
1,0,NaN,NaN
1,0,NaN,NaN
6,3,8.1,4.0
1,0,NaN,NaN
1,1,9.1,1.0
2,0,NaN,NaN
1,1,8.1,1.0
1,1,5.1000000000000005,1.0
5,1,12.100000000000001,4.0
1,0,NaN,NaN
1,0,NaN,NaN
1,0,NaN,NaN
1,1,3.1,1.0
3,3,8.1,3.0
1,1,8.1,1.0
1,1,7.1000000000000005,1.0
1,1,4.1000000000000005,1.0
2,1,3.1,2.0
2,2,3.1,1.0
2,0,NaN,NaN
9,4,5.1000000000000005,4.0
1,0,NaN,NaN
1,1,9.1,1.0
1,1,14.100000000000001,1.0
1,1,3.1,1.0
1,0,NaN,NaN
1,1,4.1000000000000005,1.0
1,1,3.1,1.0
1,1,11.100000000000001,1.0
1,0,NaN,NaN
1,0,NaN,NaN
1,0,NaN,NaN
2,2,8.1,2.0
3,0,NaN,NaN
1,0,NaN,NaN
2,0,NaN,NaN
1,0,NaN,NaN
1,1,8.1,1.0
7,4,11.100000000000001,6.0
1,1,7.1000000000000005,1.0
1,0,NaN,NaN
6,3,9.1,2.0
3,0,NaN,NaN
1,1,9.1,1.0
5,5,8.1,2.0
1,1,4.1000000000000005,1.0
1,1,14.100000000000001,1.0
1,1,11.100000000000001,1.0
2,2,8.1,2.0
3,3,4.1000000000000005,1.0
1,0,NaN,NaN
1,0,NaN,NaN
1,1,4.1000000000000005,1.0
4,3,6.1000000000000005,3.0
1,1,13.100000000000001,1.0
1,0,NaN,NaN
1,1,3.1,1.0
1,0,NaN,NaN
1,0,NaN,NaN
1,0,NaN,NaN
1,1,8.1,1.0
1,1,3.1,1.0
2,2,12.100000000000001,2.0
2,1,5.1000000000000005,2.0
1,1,6.1000000000000005,1.0
1,0,NaN,NaN
1,1,11.100000000000001,1.0
2,1,12.100000000000001,2.0
1,1,4.1000000000000005,1.0
1,0,NaN,NaN
1,1,7.1000000000000005,1.0
1,0,NaN,NaN
1,1,7.1000000000000005,1.0
16,14,13.100000000000001,8.0
4,3,3.1,3.0
1,1,7.1000000000000005,1.0
1,0,NaN,NaN
1,1,7.1000000000000005,1.0
1,1,11.100000000000001,1.0
2,1,19.1,2.0
1,0,NaN,NaN
1,1,8.1,1.0
1,0,NaN,NaN
1,0,NaN,NaN
1,1,3.1,1.0
1,1,5.1000000000000005,1.0
1,0,NaN,NaN
19,8,10.100000000000001,13.0
1,0,NaN,NaN
2,1,6.1000000000000005,2.0
1,1,2.1,1.0
1,1,5.1000000000000005,1.0
1,0,NaN,NaN
1,0,NaN,NaN
1,1,9.1,1.0
1,1,15.100000000000001,1.0
1,1,3.1,1.0
1,0,NaN,NaN
1,0,NaN,NaN
1,1,11.100000000000001,1.0
1,1,6.1000000000000005,1.0
1,0,NaN,NaN
1,1,5.1000000000000005,1.0
2,0,NaN,NaN
1,0,NaN,NaN
1,1,9.1,1.0
3,2,7.1000000000000005,3.0
14,11,12.100000000000001,9.0
2,2,4.1000000000000005,2.0
1,0,NaN,NaN
28,25,6.1000000000000005,9.0
1,1,6.1000000000000005,1.0
1,1,5.1000000000000005,1.0
1,0,NaN,NaN
1,0,NaN,NaN
1,1,4.1000000000000005,1.0
1,0,NaN,NaN
1,1,10.100000000000001,1.0
1,1,6.1000000000000005,1.0
8,2,14.100000000000001,8.0
1,0,NaN,NaN
7,4,5.1000000000000005,5.0
1,0,NaN,NaN
1,0,NaN,NaN
1,0,NaN,NaN
1,0,NaN,NaN
2,2,11.100000000000001,1.0
2,1,20.1,2.0
1,0,NaN,NaN
1,1,7.1000000000000005,1.0
1,1,4.1000000000000005,1.0
2,0,NaN,NaN
1,1,8.1,1.0
1,1,10.100000000000001,1.0
26,22,8.1,17.0
1,1,3.1,1.0
5,2,20.1,5.0
1,0,NaN,NaN
1,1,3.1,1.0
1,1,4.1000000000000005,1.0
1,1,5.1000000000000005,1.0
1,1,5.1000000000000005,1.0
1,1,3.1,1.0
1,1,8.1,1.0
1,1,14.100000000000001,1.0
1,1,10.100000000000001,1.0
1,1,6.1000000000000005,1.0
1,1,12.100000000000001,1.0
1,0,NaN,NaN
1,1,12.100000000000001,1.0
1,1,4.1000000000000005,1.0
1,1,6.1000000000000005,1.0
10,10,10.100000000000001,4.0
1,0,NaN,NaN
1,1,7.1000000000000005,1.0
12,9,6.1000000000000005,8.0
1,0,NaN,NaN
5,2,12.100000000000001,4.0
1,0,NaN,NaN
1,1,6.1000000000000005,1.0
2,1,11.100000000000001,2.0
1,1,8.1,1.0
1,1,9.1,1.0
1,0,NaN,NaN
4,2,5.1000000000000005,3.0
1,1,10.100000000000001,1.0
1,1,6.1000000000000005,1.0
1,0,NaN,NaN
1,1,6.1000000000000005,1.0
1,0,NaN,NaN
1,1,3.1,1.0
1,0,NaN,NaN
2,1,13.100000000000001,2.0
1,1,4.1000000000000005,1.0
1,1,11.100000000000001,1.0
10,7,17.1,10.0
3,2,9.1,2.0
1,1,7.1000000000000005,1.0
10,10,9.1,10.0
1,0,NaN,NaN
1,1,5.1000000000000005,1.0
1,0,NaN,NaN
1,1,8.1,1.0
1,1,13.100000000000001,1.0
1,0,NaN,NaN
2,1,7.1000000000000005,2.0
1,0,NaN,NaN
1,0,NaN,NaN
3,2,8.1,3.0
1,1,13.100000000000001,1.0
1,1,5.1000000000000005,1.0
1,0,NaN,NaN
1,1,11.100000000000001,1.0
1,1,5.1000000000000005,1.0
1,1,5.1000000000000005,1.0
1,1,7.1000000000000005,1.0
21,18,12.100000000000001,13.0
1,0,NaN,NaN
1,1,5.1000000000000005,1.0
1,0,NaN,NaN
1,0,NaN,NaN
2,0,NaN,NaN
1,0,NaN,NaN
1,1,14.100000000000001,1.0
1,1,3.1,1.0
1,1,5.1000000000000005,1.0
2,1,12.100000000000001,2.0
1,1,4.1000000000000005,1.0
8,6,9.1,6.0
1,1,7.1000000000000005,1.0
1,1,6.1000000000000005,1.0
1,1,6.1000000000000005,1.0
1,1,4.1000000000000005,1.0
1,0,NaN,NaN
1,1,4.1000000000000005,1.0
6,2,9.1,6.0
1,1,6.1000000000000005,1.0
20,18,12.100000000000001,7.0
1,1,4.1000000000000005,1.0
1,1,6.1000000000000005,1.0
29,14,7.1000000000000005,7.0
1,1,3.1,1.0
6,6,5.1000000000000005,5.0
1,0,NaN,NaN
1,1,7.1000000000000005,1.0
1,0,NaN,NaN
1,1,6.1000000000000005,1.0
16,5,8.1,2.0
1,1,7.1000000000000005,1.0
1,1,2.1,1.0
1,0,NaN,NaN
1,0,NaN,NaN
1,1,7.1000000000000005,1.0
1,1,6.1000000000000005,1.0
1,1,8.1,1.0
1,0,NaN,NaN
4,2,9.1,4.0
1,0,NaN,NaN
1,0,NaN,NaN
1,1,6.1000000000000005,1.0
1,1,8.1,1.0
2,0,NaN,NaN
1,0,NaN,NaN
1,1,8.1,1.0
1,1,13.100000000000001,1.0
6,6,7.1000000000000005,5.0
1,0,NaN,NaN
1,1,10.100000000000001,1.0
1,1,6.1000000000000005,1.0
1,0,NaN,NaN
2,1,8.1,2.0
1,1,7.1000000000000005,1.0
1,0,NaN,NaN
2,1,7.1000000000000005,2.0
1,1,5.1000000000000005,1.0
1,1,12.100000000000001,1.0
1,0,NaN,NaN
1,0,NaN,NaN
1,1,8.1,1.0
15,10,10.100000000000001,5.0
1,1,5.1000000000000005,1.0
1,0,NaN,NaN
1,0,NaN,NaN
5,4,8.1,4.0
8,3,14.100000000000001,8.0
9,8,6.1000000000000005,3.0
1,0,NaN,NaN
1,1,4.1000000000000005,1.0
1,1,6.1000000000000005,1.0
2,2,11.100000000000001,2.0
1,0,NaN,NaN
1,1,3.1,1.0
1,1,8.1,1.0
1,1,13.100000000000001,1.0
1,1,6.1000000000000005,1.0
1,1,5.1000000000000005,1.0
1,0,NaN,NaN
1,0,NaN,NaN
1,1,8.1,1.0
1,1,7.1000000000000005,1.0
8,5,8.1,8.0
10,7,9.1,8.0
1,1,4.1000000000000005,1.0
1,0,NaN,NaN
1,0,NaN,NaN
8,5,8.1,4.0
1,0,NaN,NaN
1,0,NaN,NaN
1,0,NaN,NaN
19,16,5.1000000000000005,4.0
1,1,7.1000000000000005,1.0
1,1,5.1000000000000005,1.0
2,1,18.1,2.0
1,1,6.1000000000000005,1.0
1,1,12.100000000000001,1.0
3,2,6.1000000000000005,3.0
1,0,NaN,NaN
1,1,6.1000000000000005,1.0
1,1,8.1,1.0
1,0,NaN,NaN
1,1,7.1000000000000005,1.0
1,1,7.1000000000000005,1.0
1,1,9.1,1.0
1,1,6.1000000000000005,1.0
1,0,NaN,NaN
1,0,NaN,NaN
3,2,8.1,3.0
1,0,NaN,NaN
1,1,10.100000000000001,1.0
1,0,NaN,NaN
1,0,NaN,NaN
1,0,NaN,NaN
1,1,8.1,1.0
1,1,5.1000000000000005,1.0
11,11,6.1000000000000005,7.0
2,1,17.1,2.0
1,0,NaN,NaN
3,3,6.1000000000000005,3.0
1,1,9.1,1.0
1,0,NaN,NaN
2,2,3.1,1.0
1,0,NaN,NaN
1,0,NaN,NaN
13,5,21.1,6.0
1,1,15.100000000000001,1.0
1,0,NaN,NaN
1,0,NaN,NaN
1,1,9.1,1.0
1,1,15.100000000000001,1.0
1,1,7.1000000000000005,1.0
1,1,5.1000000000000005,1.0
1,1,6.1000000000000005,1.0
1,0,NaN,NaN
1,0,NaN,NaN
53,31,9.1,5.0
1,1,16.1,1.0
1,0,NaN,NaN
1,0,NaN,NaN
1,0,NaN,NaN
1,0,NaN,NaN
1,0,NaN,NaN
1,1,4.1000000000000005,1.0
2,1,22.1,2.0
11,10,6.1000000000000005,6.0
1,1,7.1000000000000005,1.0
1,1,9.1,1.0
1,1,3.1,1.0
1,0,NaN,NaN
2,1,4.1000000000000005,2.0
1,0,NaN,NaN
1,0,NaN,NaN
1,1,15.100000000000001,1.0
7,2,5.1000000000000005,3.0
1,0,NaN,NaN
1,0,NaN,NaN
1,1,6.1000000000000005,1.0
1,1,5.1000000000000005,1.0
1,1,10.100000000000001,1.0
1,0,NaN,NaN
1,1,5.1000000000000005,1.0
1,1,8.1,1.0
1,0,NaN,NaN
1,1,15.100000000000001,1.0
1,1,5.1000000000000005,1.0
1,0,NaN,NaN
1,0,NaN,NaN
1,0,NaN,NaN
2,0,NaN,NaN
1,1,4.1000000000000005,1.0
2,1,7.1000000000000005,2.0
1,0,NaN,NaN
1,1,9.1,1.0
1,1,9.1,1.0
1,1,8.1,1.0
1,0,NaN,NaN
1,0,NaN,NaN
3,1,4.1000000000000005,1.0
1,1,5.1000000000000005,1.0
1,1,3.1,1.0
1,0,NaN,NaN
1,1,10.100000000000001,1.0
1,1,14.100000000000001,1.0
4,3,4.1000000000000005,2.0
17,15,7.1000000000000005,11.0
10,8,14.100000000000001,3.0
2,2,13.100000000000001,2.0
1,1,13.100000000000001,1.0
1,1,8.1,1.0
1,1,7.1000000000000005,1.0
26,17,6.1000000000000005,5.0
2,2,13.100000000000001,2.0
1,1,8.1,1.0
1,0,NaN,NaN
1,1,7.1000000000000005,1.0
23,17,10.100000000000001,4.0
10,8,5.1000000000000005,2.0
1,0,NaN,NaN
1,0,NaN,NaN
1,0,NaN,NaN
1,0,NaN,NaN
1,1,6.1000000000000005,1.0
1,0,NaN,NaN
1,1,9.1,1.0
1,1,6.1000000000000005,1.0
1,0,NaN,NaN
4,4,7.1000000000000005,4.0
1,0,NaN,NaN
1,1,6.1000000000000005,1.0
1,1,6.1000000000000005,1.0
1,1,7.1000000000000005,1.0
1,0,NaN,NaN
1,0,NaN,NaN
1,1,14.100000000000001,1.0
1,1,3.1,1.0
37,35,6.1000000000000005,1.0
9,6,10.100000000000001,9.0
1,1,12.100000000000001,1.0
5,2,8.1,3.0
1,0,NaN,NaN
1,1,11.100000000000001,1.0
8,8,7.1000000000000005,3.0
1,1,9.1,1.0
1,0,NaN,NaN
4,2,2.1,2.0
2,1,4.1000000000000005,1.0
4,2,9.1,4.0
3,2,8.1,3.0
10,6,25.1,8.0
1,1,7.1000000000000005,1.0
1,0,NaN,NaN
14,11,17.1,10.0
1,0,NaN,NaN
1,1,7.1000000000000005,1.0
4,2,14.100000000000001,4.0
3,1,13.100000000000001,3.0
1,1,12.100000000000001,1.0
1,0,NaN,NaN
1,1,11.100000000000001,1.0
2,2,14.100000000000001,2.0
1,1,5.1000000000000005,1.0
1,1,7.1000000000000005,1.0
1,0,NaN,NaN
6,2,16.1,3.0
2,0,NaN,NaN
1,1,14.100000000000001,1.0
1,0,NaN,NaN
1,1,14.100000000000001,1.0
1,1,6.1000000000000005,1.0
1,1,5.1000000000000005,1.0
1,1,9.1,1.0
1,1,7.1000000000000005,1.0
1,0,NaN,NaN
1,1,8.1,1.0
2,1,7.1000000000000005,2.0
1,1,3.1,1.0
1,1,6.1000000000000005,1.0
1,0,NaN,NaN
1,1,14.100000000000001,1.0
3,1,12.100000000000001,2.0
1,0,NaN,NaN
1,1,5.1000000000000005,1.0
1,1,4.1000000000000005,1.0
1,1,7.1000000000000005,1.0
1,0,NaN,NaN
1,0,NaN,NaN
1,0,NaN,NaN
1,0,NaN,NaN
1,1,5.1000000000000005,1.0
6,5,6.1000000000000005,3.0
1,0,NaN,NaN
1,1,7.1000000000000005,1.0
1,1,6.1000000000000005,1.0
1,0,NaN,NaN
1,1,7.1000000000000005,1.0
1,1,5.1000000000000005,1.0
1,1,8.1,1.0
1,0,NaN,NaN
1,1,6.1000000000000005,1.0
1,0,NaN,NaN
1,1,11.100000000000001,1.0
1,1,5.1000000000000005,1.0
1,1,17.1,1.0
1,1,7.1000000000000005,1.0
1,1,7.1000000000000005,1.0
3,1,26.1,3.0
1,0,NaN,NaN
1,1,9.1,1.0
1,0,NaN,NaN
1,1,7.1000000000000005,1.0
1,0,NaN,NaN
2,2,7.1000000000000005,2.0
1,0,NaN,NaN
1,0,NaN,NaN
1,0,NaN,NaN
17,8,8.1,9.0
16,14,11.100000000000001,6.0
1,0,NaN,NaN
1,0,NaN,NaN
1,1,5.1000000000000005,1.0
1,0,NaN,NaN
1,0,NaN,NaN
1,0,NaN,NaN
6,6,7.1000000000000005,2.0
2,1,13.100000000000001,2.0
1,1,7.1000000000000005,1.0
1,1,9.1,1.0
3,2,15.100000000000001,3.0
1,0,NaN,NaN
3,1,13.100000000000001,3.0
1,1,4.1000000000000005,1.0
1,1,11.100000000000001,1.0
2,2,9.1,2.0
1,1,6.1000000000000005,1.0
4,3,9.1,3.0
1,0,NaN,NaN
1,1,8.1,1.0
1,0,NaN,NaN
9,4,14.100000000000001,7.0
1,1,3.1,1.0
8,6,7.1000000000000005,2.0
1,0,NaN,NaN
1,1,7.1000000000000005,1.0
1,1,4.1000000000000005,1.0
1,0,NaN,NaN
1,1,9.1,1.0
1,1,3.1,1.0
1,1,4.1000000000000005,1.0
1,1,7.1000000000000005,1.0
1,0,NaN,NaN
2,2,3.1,1.0
1,0,NaN,NaN
20,15,9.1,11.0
1,1,7.1000000000000005,1.0
1,1,7.1000000000000005,1.0
1,1,4.1000000000000005,1.0
2,2,9.1,2.0
8,6,3.1,3.0
1,1,7.1000000000000005,1.0
1,0,NaN,NaN
1,1,11.100000000000001,1.0
1,1,8.1,1.0
1,1,5.1000000000000005,1.0
1,1,10.100000000000001,1.0
1,1,3.1,1.0
1,1,5.1000000000000005,1.0
1,1,14.100000000000001,1.0
23,20,9.1,12.0
1,0,NaN,NaN
1,1,8.1,1.0
5,2,13.100000000000001,4.0
1,0,NaN,NaN
8,5,5.1000000000000005,3.0
1,1,8.1,1.0
3,0,NaN,NaN
1,1,6.1000000000000005,1.0
1,1,3.1,1.0
12,10,7.1000000000000005,11.0
1,1,8.1,1.0
1,1,7.1000000000000005,1.0
1,0,NaN,NaN
1,1,5.1000000000000005,1.0
1,1,7.1000000000000005,1.0
1,1,8.1,1.0
1,1,6.1000000000000005,1.0
1,0,NaN,NaN
2,1,16.1,2.0
1,0,NaN,NaN
1,0,NaN,NaN
1,0,NaN,NaN
1,0,NaN,NaN
1,1,7.1000000000000005,1.0
1,0,NaN,NaN
1,0,NaN,NaN
1,1,8.1,1.0
1,0,NaN,NaN
2,1,7.1000000000000005,2.0
1,1,6.1000000000000005,1.0
1,1,7.1000000000000005,1.0
1,1,6.1000000000000005,1.0
1,1,3.1,1.0
1,0,NaN,NaN
1,0,NaN,NaN
1,0,NaN,NaN
1,0,NaN,NaN
1,0,NaN,NaN
1,1,12.100000000000001,1.0
2,1,11.100000000000001,2.0
1,0,NaN,NaN
1,1,7.1000000000000005,1.0
1,0,NaN,NaN
3,1,6.1000000000000005,3.0
1,1,13.100000000000001,1.0
1,0,NaN,NaN
1,1,6.1000000000000005,1.0
1,0,NaN,NaN
1,1,6.1000000000000005,1.0
1,0,NaN,NaN
1,0,NaN,NaN
1,0,NaN,NaN
1,1,10.100000000000001,1.0
1,0,NaN,NaN
1,0,NaN,NaN
3,2,6.1000000000000005,2.0
1,1,8.1,1.0
1,0,NaN,NaN
1,0,NaN,NaN
2,0,NaN,NaN
1,1,8.1,1.0
2,1,11.100000000000001,2.0
1,0,NaN,NaN
1,1,5.1000000000000005,1.0
18,15,6.1000000000000005,10.0
1,1,9.1,1.0
2,1,6.1000000000000005,2.0
1,1,5.1000000000000005,1.0
1,0,NaN,NaN
1,0,NaN,NaN
1,0,NaN,NaN
1,1,9.1,1.0
3,2,7.1000000000000005,3.0
1,1,8.1,1.0
1,1,7.1000000000000005,1.0
1,0,NaN,NaN
1,0,NaN,NaN
3,2,7.1000000000000005,2.0
1,0,NaN,NaN
1,1,8.1,1.0
4,2,5.1000000000000005,1.0
1,1,4.1000000000000005,1.0
4,4,3.1,3.0
1,1,8.1,1.0
2,2,4.1000000000000005,1.0
1,1,3.1,1.0
1,0,NaN,NaN
7,3,7.1000000000000005,2.0
1,1,14.100000000000001,1.0
1,0,NaN,NaN
1,1,13.100000000000001,1.0
1,1,12.100000000000001,1.0
1,0,NaN,NaN
1,1,6.1000000000000005,1.0
1,1,3.1,1.0
1,0,NaN,NaN
2,2,5.1000000000000005,2.0
6,4,15.100000000000001,6.0
17,13,11.100000000000001,5.0
1,0,NaN,NaN
1,1,9.1,1.0
1,1,7.1000000000000005,1.0
3,3,5.1000000000000005,1.0
1,1,6.1000000000000005,1.0
1,1,13.100000000000001,1.0
1,1,5.1000000000000005,1.0
2,1,24.1,2.0
1,1,10.100000000000001,1.0
7,5,6.1000000000000005,6.0
1,1,14.100000000000001,1.0
1,1,7.1000000000000005,1.0
1,0,NaN,NaN
1,1,8.1,1.0
1,0,NaN,NaN
1,1,4.1000000000000005,1.0
2,2,8.1,1.0
16,16,5.1000000000000005,6.0
1,0,NaN,NaN
8,7,13.100000000000001,6.0
1,0,NaN,NaN
1,1,5.1000000000000005,1.0
1,1,7.1000000000000005,1.0
1,1,6.1000000000000005,1.0
1,0,NaN,NaN
4,3,8.1,4.0
3,2,7.1000000000000005,2.0
1,0,NaN,NaN
12,12,7.1000000000000005,4.0
1,0,NaN,NaN
1,0,NaN,NaN
4,3,7.1000000000000005,3.0
1,0,NaN,NaN
1,1,4.1000000000000005,1.0
1,0,NaN,NaN
1,0,NaN,NaN
1,0,NaN,NaN
1,0,NaN,NaN
1,1,7.1000000000000005,1.0
3,2,6.1000000000000005,3.0
1,1,4.1000000000000005,1.0
1,1,7.1000000000000005,1.0
1,0,NaN,NaN
2,1,20.1,2.0
2,1,12.100000000000001,2.0
1,1,7.1000000000000005,1.0
3,3,6.1000000000000005,2.0
33,28,10.100000000000001,11.0
2,2,10.100000000000001,2.0
1,1,12.100000000000001,1.0
1,0,NaN,NaN
1,1,8.1,1.0
3,2,6.1000000000000005,2.0
1,1,4.1000000000000005,1.0
1,0,NaN,NaN
1,0,NaN,NaN
1,1,5.1000000000000005,1.0
1,0,NaN,NaN
1,1,4.1000000000000005,1.0
1,1,6.1000000000000005,1.0
1,1,11.100000000000001,1.0
1,1,6.1000000000000005,1.0
1,0,NaN,NaN
1,1,7.1000000000000005,1.0
1,1,10.100000000000001,1.0
1,0,NaN,NaN
1,1,6.1000000000000005,1.0
1,0,NaN,NaN
1,0,NaN,NaN
23,20,6.1000000000000005,20.0
1,1,5.1000000000000005,1.0
3,1,18.1,3.0
1,0,NaN,NaN
1,1,7.1000000000000005,1.0
2,0,NaN,NaN
1,0,NaN,NaN
5,2,9.1,3.0
1,0,NaN,NaN
1,1,9.1,1.0
1,0,NaN,NaN
1,1,5.1000000000000005,1.0
1,0,NaN,NaN
12,10,7.1000000000000005,3.0
1,1,8.1,1.0
1,1,5.1000000000000005,1.0
1,1,7.1000000000000005,1.0
1,0,NaN,NaN
1,1,7.1000000000000005,1.0
3,1,16.1,3.0
1,1,5.1000000000000005,1.0
1,0,NaN,NaN
19,14,9.1,10.0
1,0,NaN,NaN
1,1,7.1000000000000005,1.0
1,1,4.1000000000000005,1.0
1,0,NaN,NaN
10,10,6.1000000000000005,3.0
1,0,NaN,NaN
1,1,7.1000000000000005,1.0
1,0,NaN,NaN
1,1,7.1000000000000005,1.0
1,0,NaN,NaN
1,0,NaN,NaN
35,22,16.1,7.0
1,1,4.1000000000000005,1.0
1,0,NaN,NaN
1,0,NaN,NaN
21,9,12.100000000000001,12.0
1,0,NaN,NaN
1,1,12.100000000000001,1.0
16,13,7.1000000000000005,5.0
1,1,4.1000000000000005,1.0
1,0,NaN,NaN
1,1,7.1000000000000005,1.0
2,2,7.1000000000000005,2.0
2,1,7.1000000000000005,2.0
1,0,NaN,NaN
1,0,NaN,NaN
1,0,NaN,NaN
1,0,NaN,NaN
4,1,13.100000000000001,4.0
2,1,6.1000000000000005,2.0
1,1,8.1,1.0
1,0,NaN,NaN
1,0,NaN,NaN
1,1,14.100000000000001,1.0
1,1,6.1000000000000005,1.0
1,0,NaN,NaN
1,1,3.1,1.0
7,4,9.1,3.0
1,1,10.100000000000001,1.0
1,1,5.1000000000000005,1.0
1,0,NaN,NaN
3,2,16.1,3.0
4,2,15.100000000000001,4.0
1,1,4.1000000000000005,1.0
7,4,7.1000000000000005,4.0
1,1,14.100000000000001,1.0
1,1,9.1,1.0
1,1,14.100000000000001,1.0
1,1,6.1000000000000005,1.0
1,1,8.1,1.0
1,1,15.100000000000001,1.0
4,2,4.1000000000000005,1.0
1,0,NaN,NaN
13,9,5.1000000000000005,3.0
1,0,NaN,NaN
8,5,5.1000000000000005,3.0
1,1,8.1,1.0
17,16,10.100000000000001,12.0
1,1,4.1000000000000005,1.0
1,0,NaN,NaN
7,4,8.1,5.0
1,1,5.1000000000000005,1.0
1,0,NaN,NaN
10,5,7.1000000000000005,3.0
3,1,6.1000000000000005,2.0
11,11,6.1000000000000005,2.0
1,0,NaN,NaN
1,1,6.1000000000000005,1.0
14,10,11.100000000000001,9.0
1,1,10.100000000000001,1.0
1,1,7.1000000000000005,1.0
2,1,13.100000000000001,2.0
1,1,8.1,1.0
1,0,NaN,NaN
32,30,10.100000000000001,12.0
1,1,6.1000000000000005,1.0
5,0,NaN,NaN
1,0,NaN,NaN
1,0,NaN,NaN
1,1,10.100000000000001,1.0
1,1,3.1,1.0
1,0,NaN,NaN
1,0,NaN,NaN
1,1,10.100000000000001,1.0
1,1,13.100000000000001,1.0
1,0,NaN,NaN
2,1,14.100000000000001,2.0
1,1,4.1000000000000005,1.0
1,1,7.1000000000000005,1.0
1,0,NaN,NaN
30,22,16.1,5.0
13,9,11.100000000000001,4.0
2,1,13.100000000000001,2.0
1,0,NaN,NaN
1,0,NaN,NaN
1,1,9.1,1.0
1,1,3.1,1.0
4,2,16.1,3.0
1,1,9.1,1.0
1,1,5.1000000000000005,1.0
1,0,NaN,NaN
1,1,6.1000000000000005,1.0
15,7,10.100000000000001,5.0
1,0,NaN,NaN
1,1,13.100000000000001,1.0
1,0,NaN,NaN
1,0,NaN,NaN
16,14,7.1000000000000005,9.0
1,0,NaN,NaN
4,4,3.1,3.0
5,2,11.100000000000001,5.0
3,2,9.1,2.0
1,0,NaN,NaN
1,1,5.1000000000000005,1.0
1,1,13.100000000000001,1.0
1,1,6.1000000000000005,1.0
4,2,6.1000000000000005,3.0
1,1,7.1000000000000005,1.0
1,1,8.1,1.0
1,0,NaN,NaN
24,17,9.1,5.0
1,0,NaN,NaN
1,1,6.1000000000000005,1.0
2,0,NaN,NaN
1,1,12.100000000000001,1.0
1,1,7.1000000000000005,1.0
1,0,NaN,NaN
1,1,6.1000000000000005,1.0
1,0,NaN,NaN
1,1,6.1000000000000005,1.0
1,1,5.1000000000000005,1.0
1,0,NaN,NaN
1,1,7.1000000000000005,1.0
1,0,NaN,NaN
1,1,4.1000000000000005,1.0
1,1,4.1000000000000005,1.0
4,3,9.1,3.0
2,0,NaN,NaN
1,0,NaN,NaN
1,0,NaN,NaN
1,0,NaN,NaN
1,1,16.1,1.0
1,0,NaN,NaN
1,1,3.1,1.0
1,1,6.1000000000000005,1.0
1,0,NaN,NaN
1,1,6.1000000000000005,1.0
1,1,5.1000000000000005,1.0
3,1,12.100000000000001,3.0
1,0,NaN,NaN
1,0,NaN,NaN
1,0,NaN,NaN
1,1,5.1000000000000005,1.0
1,1,8.1,1.0
2,1,6.1000000000000005,2.0
1,0,NaN,NaN
1,1,16.1,1.0
1,0,NaN,NaN
1,0,NaN,NaN
5,3,10.100000000000001,5.0
1,1,10.100000000000001,1.0
1,1,7.1000000000000005,1.0
1,1,7.1000000000000005,1.0
1,1,4.1000000000000005,1.0
1,0,NaN,NaN
1,1,5.1000000000000005,1.0
1,0,NaN,NaN
1,1,5.1000000000000005,1.0
1,1,7.1000000000000005,1.0
1,0,NaN,NaN
1,1,8.1,1.0
1,1,4.1000000000000005,1.0
3,3,5.1000000000000005,3.0
19,14,15.100000000000001,13.0
1,1,4.1000000000000005,1.0
12,7,10.100000000000001,3.0
1,1,7.1000000000000005,1.0
6,5,7.1000000000000005,5.0
1,0,NaN,NaN
1,1,4.1000000000000005,1.0
4,2,8.1,4.0
2,1,10.100000000000001,2.0
1,1,5.1000000000000005,1.0
1,0,NaN,NaN
1,0,NaN,NaN
1,1,5.1000000000000005,1.0
1,0,NaN,NaN
3,1,13.100000000000001,2.0
2,2,4.1000000000000005,2.0
1,0,NaN,NaN
1,1,7.1000000000000005,1.0
1,0,NaN,NaN
1,1,2.1,1.0
1,1,9.1,1.0
1,0,NaN,NaN
2,1,6.1000000000000005,2.0
1,0,NaN,NaN
1,0,NaN,NaN
9,4,9.1,4.0
1,0,NaN,NaN
1,1,6.1000000000000005,1.0
1,0,NaN,NaN
1,1,7.1000000000000005,1.0
1,1,4.1000000000000005,1.0
1,0,NaN,NaN
3,2,14.100000000000001,3.0
1,1,5.1000000000000005,1.0
1,1,12.100000000000001,1.0
2,2,11.100000000000001,1.0
1,0,NaN,NaN
1,0,NaN,NaN
2,0,NaN,NaN
3,1,16.1,3.0
1,0,NaN,NaN
1,0,NaN,NaN
2,0,NaN,NaN
1,1,14.100000000000001,1.0
1,0,NaN,NaN
1,0,NaN,NaN
2,2,8.1,2.0
5,3,9.1,1.0
17,15,7.1000000000000005,13.0
29,25,11.100000000000001,7.0
8,3,11.100000000000001,7.0
1,0,NaN,NaN
1,1,7.1000000000000005,1.0
2,1,11.100000000000001,2.0
1,1,2.1,1.0
1,0,NaN,NaN
1,1,7.1000000000000005,1.0
1,1,6.1000000000000005,1.0
3,0,NaN,NaN
1,0,NaN,NaN
1,0,NaN,NaN
3,3,7.1000000000000005,1.0
1,1,7.1000000000000005,1.0
2,1,22.1,2.0
1,0,NaN,NaN
1,0,NaN,NaN
1,1,14.100000000000001,1.0
1,0,NaN,NaN
1,0,NaN,NaN
1,1,4.1000000000000005,1.0
1,1,3.1,1.0
1,1,7.1000000000000005,1.0
1,1,8.1,1.0
6,3,9.1,5.0
1,0,NaN,NaN
1,0,NaN,NaN
1,1,5.1000000000000005,1.0
1,0,NaN,NaN
1,1,7.1000000000000005,1.0
1,1,6.1000000000000005,1.0
18,15,9.1,12.0
1,1,9.1,1.0
1,1,12.100000000000001,1.0
9,6,10.100000000000001,8.0
1,0,NaN,NaN
1,0,NaN,NaN
1,1,7.1000000000000005,1.0
1,0,NaN,NaN
2,1,12.100000000000001,2.0
1,0,NaN,NaN
1,1,6.1000000000000005,1.0
1,1,6.1000000000000005,1.0
1,1,9.1,1.0
1,1,5.1000000000000005,1.0
1,0,NaN,NaN
1,1,6.1000000000000005,1.0
1,1,6.1000000000000005,1.0
2,2,7.1000000000000005,2.0
1,1,5.1000000000000005,1.0
1,1,7.1000000000000005,1.0
1,0,NaN,NaN
21,20,11.100000000000001,15.0
1,1,4.1000000000000005,1.0
1,1,6.1000000000000005,1.0
1,1,8.1,1.0
1,0,NaN,NaN
1,0,NaN,NaN
1,0,NaN,NaN
1,1,5.1000000000000005,1.0
2,1,11.100000000000001,2.0
1,1,14.100000000000001,1.0
3,2,5.1000000000000005,2.0
1,1,4.1000000000000005,1.0
27,22,12.100000000000001,9.0
1,0,NaN,NaN
2,0,NaN,NaN
1,0,NaN,NaN
1,0,NaN,NaN
1,1,13.100000000000001,1.0
1,1,6.1000000000000005,1.0
1,0,NaN,NaN
1,0,NaN,NaN
18,14,24.1,4.0
53,48,8.1,8.0
1,1,7.1000000000000005,1.0
1,1,10.100000000000001,1.0
1,1,5.1000000000000005,1.0
2,1,3.1,1.0
1,0,NaN,NaN
1,1,8.1,1.0
1,0,NaN,NaN
1,1,7.1000000000000005,1.0
2,2,3.1,2.0
1,1,3.1,1.0
1,0,NaN,NaN
7,5,9.1,6.0
1,1,8.1,1.0
14,5,7.1000000000000005,4.0
2,2,6.1000000000000005,2.0
1,1,5.1000000000000005,1.0
3,1,8.1,3.0
22,17,7.1000000000000005,11.0
1,0,NaN,NaN
1,0,NaN,NaN
1,0,NaN,NaN
1,1,4.1000000000000005,1.0
1,0,NaN,NaN
5,2,15.100000000000001,5.0
1,0,NaN,NaN
1,0,NaN,NaN
5,2,22.1,5.0
1,1,6.1000000000000005,1.0
1,1,8.1,1.0
1,1,8.1,1.0
1,1,4.1000000000000005,1.0
1,0,NaN,NaN
1,1,4.1000000000000005,1.0
5,3,10.100000000000001,4.0
1,0,NaN,NaN
1,0,NaN,NaN
1,1,8.1,1.0
1,0,NaN,NaN
1,0,NaN,NaN
1,0,NaN,NaN
3,0,NaN,NaN
1,1,7.1000000000000005,1.0
1,0,NaN,NaN
1,0,NaN,NaN
1,1,4.1000000000000005,1.0
1,1,7.1000000000000005,1.0
1,1,5.1000000000000005,1.0
1,0,NaN,NaN
1,1,7.1000000000000005,1.0
2,1,5.1000000000000005,2.0
1,0,NaN,NaN
1,1,5.1000000000000005,1.0
1,0,NaN,NaN
1,1,4.1000000000000005,1.0
1,0,NaN,NaN
1,0,NaN,NaN
9,5,9.1,9.0
1,1,8.1,1.0
1,1,7.1000000000000005,1.0
1,1,6.1000000000000005,1.0
14,9,11.100000000000001,2.0
1,0,NaN,NaN
1,1,8.1,1.0
1,1,8.1,1.0
1,0,NaN,NaN
18,18,6.1000000000000005,5.0
1,0,NaN,NaN
1,1,11.100000000000001,1.0
1,1,6.1000000000000005,1.0
1,1,6.1000000000000005,1.0
2,2,7.1000000000000005,2.0
2,1,6.1000000000000005,2.0
1,0,NaN,NaN
1,1,13.100000000000001,1.0
1,0,NaN,NaN
1,1,3.1,1.0
1,0,NaN,NaN
1,0,NaN,NaN
1,1,13.100000000000001,1.0
2,2,7.1000000000000005,2.0
1,1,10.100000000000001,1.0
1,1,6.1000000000000005,1.0
1,1,8.1,1.0
1,1,6.1000000000000005,1.0
1,0,NaN,NaN
9,3,11.100000000000001,7.0
1,1,3.1,1.0
1,0,NaN,NaN
1,0,NaN,NaN
1,1,6.1000000000000005,1.0
1,1,10.100000000000001,1.0
1,0,NaN,NaN
3,1,10.100000000000001,3.0
2,1,4.1000000000000005,2.0
1,0,NaN,NaN
3,1,12.100000000000001,3.0
1,0,NaN,NaN
1,0,NaN,NaN
1,1,6.1000000000000005,1.0
1,0,NaN,NaN
1,1,8.1,1.0
1,0,NaN,NaN
1,0,NaN,NaN
2,1,12.100000000000001,2.0
1,1,6.1000000000000005,1.0
1,0,NaN,NaN
1,0,NaN,NaN
1,1,3.1,1.0
2,2,7.1000000000000005,2.0
1,0,NaN,NaN
1,0,NaN,NaN
1,0,NaN,NaN
1,1,9.1,1.0
1,0,NaN,NaN
8,3,14.100000000000001,7.0
1,0,NaN,NaN
11,7,14.100000000000001,4.0
1,1,6.1000000000000005,1.0
1,1,7.1000000000000005,1.0
2,2,8.1,2.0
1,0,NaN,NaN
2,0,NaN,NaN
1,1,10.100000000000001,1.0
1,1,4.1000000000000005,1.0
1,1,7.1000000000000005,1.0
1,1,9.1,1.0
8,4,15.100000000000001,7.0
1,0,NaN,NaN
3,2,6.1000000000000005,3.0
1,0,NaN,NaN
1,0,NaN,NaN
1,0,NaN,NaN
1,1,7.1000000000000005,1.0
1,1,15.100000000000001,1.0
2,1,20.1,2.0
1,1,4.1000000000000005,1.0
14,3,12.100000000000001,9.0
4,1,13.100000000000001,4.0
2,0,NaN,NaN
25,25,10.100000000000001,18.0
11,3,9.1,5.0
1,0,NaN,NaN
1,0,NaN,NaN
1,0,NaN,NaN
1,0,NaN,NaN
1,0,NaN,NaN
7,4,10.100000000000001,3.0
1,1,7.1000000000000005,1.0
15,14,18.1,10.0
1,0,NaN,NaN
1,0,NaN,NaN
1,0,NaN,NaN
1,0,NaN,NaN
1,0,NaN,NaN
1,0,NaN,NaN
1,0,NaN,NaN
1,1,7.1000000000000005,1.0
2,0,NaN,NaN
2,0,NaN,NaN
1,0,NaN,NaN
1,0,NaN,NaN
18,16,9.1,13.0
1,0,NaN,NaN
1,1,7.1000000000000005,1.0
1,1,4.1000000000000005,1.0
1,0,NaN,NaN
1,1,8.1,1.0
13,12,4.1000000000000005,5.0
1,1,5.1000000000000005,1.0
10,3,6.1000000000000005,2.0
1,1,12.100000000000001,1.0
1,0,NaN,NaN
1,1,12.100000000000001,1.0
1,1,14.100000000000001,1.0
1,1,5.1000000000000005,1.0
1,1,3.1,1.0
5,3,7.1000000000000005,4.0
1,0,NaN,NaN
1,1,9.1,1.0
1,0,NaN,NaN
1,1,6.1000000000000005,1.0
1,1,14.100000000000001,1.0
1,1,6.1000000000000005,1.0
1,1,6.1000000000000005,1.0
3,0,NaN,NaN
1,0,NaN,NaN
3,1,7.1000000000000005,3.0
1,1,9.1,1.0
1,1,11.100000000000001,1.0
18,16,14.100000000000001,12.0
1,1,7.1000000000000005,1.0
1,1,2.1,1.0
1,1,6.1000000000000005,1.0
1,0,NaN,NaN
1,0,NaN,NaN
1,0,NaN,NaN
1,0,NaN,NaN
1,1,4.1000000000000005,1.0
1,0,NaN,NaN
1,0,NaN,NaN
16,9,12.100000000000001,4.0
1,0,NaN,NaN
3,2,8.1,2.0
1,1,9.1,1.0
1,0,NaN,NaN
1,1,7.1000000000000005,1.0
1,0,NaN,NaN
1,1,7.1000000000000005,1.0
1,0,NaN,NaN
1,1,6.1000000000000005,1.0
1,0,NaN,NaN
1,0,NaN,NaN
1,1,12.100000000000001,1.0
1,1,8.1,1.0
2,0,NaN,NaN
1,1,11.100000000000001,1.0
1,1,5.1000000000000005,1.0
1,0,NaN,NaN
3,2,15.100000000000001,3.0
1,0,NaN,NaN
1,1,4.1000000000000005,1.0
1,1,8.1,1.0
1,0,NaN,NaN
1,1,7.1000000000000005,1.0
1,0,NaN,NaN
1,0,NaN,NaN
1,1,3.1,1.0
1,1,4.1000000000000005,1.0
1,0,NaN,NaN
1,0,NaN,NaN
1,1,7.1000000000000005,1.0
32,24,19.1,11.0
1,1,6.1000000000000005,1.0
1,1,10.100000000000001,1.0
2,2,5.1000000000000005,1.0
2,1,13.100000000000001,2.0
1,0,NaN,NaN
1,1,8.1,1.0
1,1,10.100000000000001,1.0
1,0,NaN,NaN
1,0,NaN,NaN
1,0,NaN,NaN
1,1,7.1000000000000005,1.0
1,0,NaN,NaN
1,1,5.1000000000000005,1.0
1,0,NaN,NaN
1,1,14.100000000000001,1.0
2,0,NaN,NaN
1,1,6.1000000000000005,1.0
1,0,NaN,NaN
1,0,NaN,NaN
1,1,3.1,1.0
1,1,3.1,1.0
18,15,9.1,3.0
1,1,5.1000000000000005,1.0
1,1,8.1,1.0
21,11,8.1,9.0
1,1,6.1000000000000005,1.0
2,1,11.100000000000001,2.0
1,1,8.1,1.0
1,0,NaN,NaN
1,1,6.1000000000000005,1.0
1,1,7.1000000000000005,1.0
10,2,7.1000000000000005,4.0
1,1,7.1000000000000005,1.0
1,1,3.1,1.0
3,2,6.1000000000000005,2.0
1,0,NaN,NaN
1,0,NaN,NaN
1,0,NaN,NaN
3,1,16.1,3.0
1,0,NaN,NaN
1,0,NaN,NaN
3,0,NaN,NaN
2,1,15.100000000000001,2.0
1,0,NaN,NaN
1,0,NaN,NaN
11,11,9.1,8.0
15,13,7.1000000000000005,10.0
1,0,NaN,NaN
1,0,NaN,NaN
1,1,7.1000000000000005,1.0
1,0,NaN,NaN
1,1,9.1,1.0
1,1,4.1000000000000005,1.0
1,1,5.1000000000000005,1.0
1,1,6.1000000000000005,1.0
1,1,11.100000000000001,1.0
1,1,7.1000000000000005,1.0
1,0,NaN,NaN
1,0,NaN,NaN
1,0,NaN,NaN
1,1,3.1,1.0
1,0,NaN,NaN
1,0,NaN,NaN
28,26,6.1000000000000005,2.0
2,2,7.1000000000000005,2.0
6,4,7.1000000000000005,3.0
1,0,NaN,NaN
1,0,NaN,NaN
12,5,10.100000000000001,9.0
18,13,14.100000000000001,13.0
1,1,5.1000000000000005,1.0
3,1,13.100000000000001,3.0
1,1,7.1000000000000005,1.0
4,2,14.100000000000001,4.0
2,0,NaN,NaN
1,1,7.1000000000000005,1.0
1,1,5.1000000000000005,1.0
12,7,6.1000000000000005,5.0
1,1,11.100000000000001,1.0
17,14,11.100000000000001,4.0
2,0,NaN,NaN
1,1,5.1000000000000005,1.0
1,0,NaN,NaN
1,0,NaN,NaN
1,0,NaN,NaN
3,1,8.1,3.0
1,0,NaN,NaN
1,0,NaN,NaN
1,0,NaN,NaN
1,1,6.1000000000000005,1.0
1,1,21.1,1.0
1,0,NaN,NaN
1,1,3.1,1.0
1,1,5.1000000000000005,1.0
1,1,5.1000000000000005,1.0
1,1,6.1000000000000005,1.0
1,0,NaN,NaN
1,0,NaN,NaN
2,2,8.1,2.0
1,0,NaN,NaN
3,3,7.1000000000000005,2.0
6,4,7.1000000000000005,3.0
3,2,13.100000000000001,3.0
4,1,7.1000000000000005,4.0
1,1,6.1000000000000005,1.0
1,1,6.1000000000000005,1.0
1,1,7.1000000000000005,1.0
19,16,7.1000000000000005,5.0
1,1,6.1000000000000005,1.0
1,1,9.1,1.0
2,1,13.100000000000001,2.0
1,0,NaN,NaN
1,0,NaN,NaN
1,1,5.1000000000000005,1.0
1,1,7.1000000000000005,1.0
2,1,4.1000000000000005,2.0
1,1,6.1000000000000005,1.0
1,0,NaN,NaN
3,1,12.100000000000001,3.0
1,0,NaN,NaN
1,0,NaN,NaN
1,1,7.1000000000000005,1.0
1,1,9.1,1.0
1,1,6.1000000000000005,1.0
17,15,14.100000000000001,10.0
36,28,12.100000000000001,4.0
