run_id,facility_id,n_residents,n_staff,total_FTE,index_case_type,I_tot_staff,I_tot_res,index_case_id,index_case_beta_max,t_index_case_recovery
1,100000031,88,60,37.2,worker,2,2,126,0.22903353325662337,13.4
2,100000031,88,60,37.2,worker,1,0,141,1.9191779377454746e-8,13.100000000000001
3,100000031,88,60,37.2,worker,2,3,120,0.06829241405490906,13.200000000000001
4,100000031,88,60,37.2,worker,1,0,148,0.0028822645519665725,10.9
5,100000031,88,60,37.2,worker,1,0,112,0.007455849029165348,10.200000000000001
6,100000031,88,60,37.2,worker,1,0,131,9.67831938320927e-6,9.1
7,100000031,88,60,37.2,worker,1,0,106,0.008640475780190789,15.5
8,100000031,88,60,37.2,worker,1,0,111,3.901595672606831e-9,12.5
9,100000031,88,60,37.2,worker,16,8,103,1.7353149783672286,14.5
10,100000031,88,60,37.2,worker,1,0,107,0.00046173144481247337,12.3
11,100000031,88,60,37.2,resident,0,1,43,0.005462836377503798,14.4
12,100000031,88,60,37.2,resident,0,1,36,0.0005947566908535987,10.700000000000001
13,100000031,88,60,37.2,worker,1,0,129,6.339814202571825e-18,14.600000000000001
14,100000031,88,60,37.2,worker,3,1,97,0.05075713380600734,12.200000000000001
15,100000031,88,60,37.2,worker,14,14,120,1.923859430677022,11.9
16,100000031,88,60,37.2,worker,1,0,116,0.06274831116734893,14.600000000000001
17,100000031,88,60,37.2,worker,13,10,96,2.416764988206739,16.400000000000002
18,100000031,88,60,37.2,worker,4,1,110,0.20108342360885526,13.3
19,100000031,88,60,37.2,resident,0,1,7,1.1691327943042063e-5,11.100000000000001
20,100000031,88,60,37.2,worker,1,0,104,3.4999633109127475e-9,16.0
21,100000031,88,60,37.2,worker,26,12,123,1.4543595553596538,15.200000000000001
22,100000031,88,60,37.2,worker,1,0,113,2.3254347408609405e-11,14.100000000000001
23,100000031,88,60,37.2,resident,7,14,5,1.047564006271397,15.100000000000001
24,100000031,88,60,37.2,worker,7,5,141,0.2558413978838999,14.8
25,100000031,88,60,37.2,resident,0,3,11,0.1851210431189512,10.0
26,100000031,88,60,37.2,worker,1,0,104,5.627695280309643e-6,12.8
27,100000031,88,60,37.2,worker,12,7,130,0.3547987413466947,16.0
28,100000031,88,60,37.2,worker,6,0,89,0.17175473240178576,11.200000000000001
29,100000031,88,60,37.2,worker,1,0,123,3.861528217842698e-6,15.5
30,100000031,88,60,37.2,resident,0,2,21,0.053385053293291976,18.3
31,100000031,88,60,37.2,worker,1,0,126,0.00024986022217955744,13.200000000000001
32,100000031,88,60,37.2,worker,24,9,124,1.0151597158662342,12.700000000000001
33,100000031,88,60,37.2,worker,1,0,129,0.001376494893617185,11.600000000000001
34,100000031,88,60,37.2,worker,2,0,117,0.03363209878997805,15.100000000000001
35,100000031,88,60,37.2,resident,0,1,47,0.0011570789760448727,13.700000000000001
36,100000031,88,60,37.2,worker,1,0,101,1.0169315036956719e-5,19.200000000000003
37,100000031,88,60,37.2,resident,8,20,79,5.265606696797123,11.9
38,100000031,88,60,37.2,worker,1,0,107,0.00015244903722738882,10.9
39,100000031,88,60,37.2,worker,1,0,127,0.007024627113624535,11.9
40,100000031,88,60,37.2,worker,2,1,115,0.23195754889460554,13.200000000000001
41,100000031,88,60,37.2,worker,14,10,90,2.080009252710424,15.3
42,100000031,88,60,37.2,worker,5,4,133,1.2450494349834096,13.3
43,100000031,88,60,37.2,worker,1,0,126,0.00010842192468954439,12.100000000000001
44,100000031,88,60,37.2,worker,1,0,136,5.3049474062486796e-5,11.200000000000001
45,100000031,88,60,37.2,worker,2,3,116,0.21155887991991068,9.3
46,100000031,88,60,37.2,worker,1,0,117,0.00565358790083751,9.200000000000001
47,100000031,88,60,37.2,worker,1,0,129,6.036871714842499e-13,9.200000000000001
48,100000031,88,60,37.2,resident,0,1,86,8.567505699349602e-7,10.9
49,100000031,88,60,37.2,worker,1,0,118,0.03083330261048119,10.700000000000001
50,100000031,88,60,37.2,resident,0,1,67,0.00024689990216493946,19.1
51,100000031,88,60,37.2,worker,1,0,145,0.005022609375239217,11.4
52,100000031,88,60,37.2,worker,1,1,125,0.021437389289406982,13.100000000000001
53,100000031,88,60,37.2,resident,0,1,31,0.003127194685399676,11.700000000000001
54,100000031,88,60,37.2,worker,3,1,126,0.17169475552146765,9.5
55,100000031,88,60,37.2,worker,7,2,101,0.17305135022520923,16.1
56,100000031,88,60,37.2,worker,3,2,110,0.3555743845975111,12.600000000000001
57,100000031,88,60,37.2,resident,0,1,76,0.006478361501328801,11.3
58,100000031,88,60,37.2,worker,1,1,122,0.006854269078115993,16.400000000000002
59,100000031,88,60,37.2,worker,21,13,106,3.3859254064783935,8.200000000000001
60,100000031,88,60,37.2,resident,0,2,83,0.046400525469321545,9.4
61,100000031,88,60,37.2,worker,1,0,115,1.1098575847845375e-9,17.400000000000002
62,100000031,88,60,37.2,worker,1,0,129,0.00027662875324163764,16.8
63,100000031,88,60,37.2,worker,6,4,120,0.3885501101414537,14.5
64,100000031,88,60,37.2,worker,1,0,99,0.00013708801668417328,14.4
65,100000031,88,60,37.2,worker,7,3,130,0.2322889889903883,11.9
66,100000031,88,60,37.2,resident,5,4,17,0.395387053253693,9.9
67,100000031,88,60,37.2,worker,1,0,89,3.936718891050348e-5,17.900000000000002
68,100000031,88,60,37.2,worker,1,0,101,6.973296539858924e-7,11.4
69,100000031,88,60,37.2,worker,9,2,112,0.17210207863772273,15.100000000000001
70,100000031,88,60,37.2,worker,1,0,143,0.01261083103227755,13.0
71,100000031,88,60,37.2,worker,1,0,105,2.9484095326908106e-7,13.4
72,100000031,88,60,37.2,resident,5,8,38,0.8162616130881983,13.9
73,100000031,88,60,37.2,worker,2,0,124,0.015552850821288095,10.3
74,100000031,88,60,37.2,worker,11,8,103,0.792132001185999,14.9
75,100000031,88,60,37.2,resident,2,1,44,0.09219611512572541,12.3
76,100000031,88,60,37.2,worker,1,0,98,4.023992363710039e-5,8.4
77,100000031,88,60,37.2,resident,5,8,32,0.6997989746098382,12.0
78,100000031,88,60,37.2,worker,3,1,129,0.03445917153957645,13.3
79,100000031,88,60,37.2,worker,9,3,148,1.0261286147175244,10.8
80,100000031,88,60,37.2,worker,7,4,147,0.15808957416069666,24.8
81,100000031,88,60,37.2,resident,4,16,80,1.315970829412121,12.0
82,100000031,88,60,37.2,worker,15,13,130,1.1903681070165697,9.5
83,100000031,88,60,37.2,worker,1,0,103,1.505597158315726e-5,18.0
84,100000031,88,60,37.2,worker,1,0,123,6.4815631768131365e-6,8.700000000000001
85,100000031,88,60,37.2,worker,22,10,147,1.7360145094537427,14.200000000000001
86,100000031,88,60,37.2,resident,0,1,40,2.879562484651457e-13,21.3
87,100000031,88,60,37.2,worker,17,14,129,0.6254518980782021,12.9
88,100000031,88,60,37.2,worker,1,0,139,0.0042294153826425976,13.200000000000001
89,100000031,88,60,37.2,resident,0,1,32,0.00901723078295906,17.5
90,100000031,88,60,37.2,worker,14,7,112,0.6242556830081215,11.100000000000001
91,100000031,88,60,37.2,worker,1,0,130,0.01838317799227507,15.200000000000001
92,100000031,88,60,37.2,resident,7,21,23,1.1133144050066444,16.900000000000002
93,100000031,88,60,37.2,worker,1,0,112,4.146368066710474e-6,13.5
94,100000031,88,60,37.2,worker,32,21,123,3.4929155660525257,13.600000000000001
95,100000031,88,60,37.2,worker,16,15,113,2.968563663449554,12.3
96,100000031,88,60,37.2,worker,3,1,118,0.1576482906206996,17.1
97,100000031,88,60,37.2,worker,1,0,96,3.616035176202353e-14,13.9
98,100000031,88,60,37.2,worker,1,0,97,0.0012693370430775918,9.4
99,100000031,88,60,37.2,worker,2,1,102,0.07043525048466534,22.6
100,100000031,88,60,37.2,resident,0,1,84,0.007410555189073015,12.0
101,100000031,88,60,37.2,worker,14,10,104,3.962569367901345,11.200000000000001
102,100000031,88,60,37.2,worker,1,0,147,2.6348359650686696e-5,12.100000000000001
103,100000031,88,60,37.2,worker,1,0,90,0.000959900122950009,12.100000000000001
104,100000031,88,60,37.2,worker,1,0,91,2.01452861009714e-15,13.100000000000001
105,100000031,88,60,37.2,worker,5,5,144,1.2418620960585955,15.100000000000001
106,100000031,88,60,37.2,resident,0,2,81,0.07781706519955761,10.4
107,100000031,88,60,37.2,worker,2,1,128,0.025393504528458465,11.100000000000001
108,100000031,88,60,37.2,worker,5,1,125,0.22097454240604325,12.100000000000001
109,100000031,88,60,37.2,resident,0,1,41,0.005681833757172778,8.9
110,100000031,88,60,37.2,resident,5,13,69,1.6934383322897408,11.700000000000001
111,100000031,88,60,37.2,worker,2,0,117,0.12062749711748016,10.4
112,100000031,88,60,37.2,worker,3,0,130,0.03302188020154549,12.4
113,100000031,88,60,37.2,worker,1,0,128,1.7799213774590013e-6,10.100000000000001
114,100000031,88,60,37.2,worker,1,0,116,4.9310540788837604e-12,10.700000000000001
115,100000031,88,60,37.2,resident,5,6,36,1.0712437707812268,11.4
116,100000031,88,60,37.2,worker,1,0,137,0.00011544257122908961,13.0
117,100000031,88,60,37.2,resident,0,1,67,0.00011244350588003051,11.100000000000001
118,100000031,88,60,37.2,worker,1,0,133,0.001351629141949207,11.4
119,100000031,88,60,37.2,worker,1,0,129,3.9825909666326915e-6,10.4
120,100000031,88,60,37.2,worker,1,0,92,0.0003557801132178098,8.200000000000001
121,100000031,88,60,37.2,worker,12,8,112,0.6786382680451644,9.700000000000001
122,100000031,88,60,37.2,resident,0,1,14,0.009341787336366553,10.600000000000001
123,100000031,88,60,37.2,worker,3,0,143,0.22160005598599133,9.700000000000001
124,100000031,88,60,37.2,worker,1,2,136,0.06706096138533295,9.4
125,100000031,88,60,37.2,worker,1,0,114,0.0003209391156675044,16.7
126,100000031,88,60,37.2,resident,0,1,22,0.021707671229433272,13.8
127,100000031,88,60,37.2,worker,1,0,94,0.00019646723671543792,25.700000000000003
128,100000031,88,60,37.2,worker,1,0,108,0.00532980655944699,9.8
129,100000031,88,60,37.2,worker,5,2,116,0.2602791945901068,10.9
130,100000031,88,60,37.2,worker,1,0,99,2.4101985769794096e-5,11.700000000000001
131,100000031,88,60,37.2,worker,1,0,90,0.027570709510369957,11.5
132,100000031,88,60,37.2,worker,9,1,101,0.3244863785647155,10.0
133,100000031,88,60,37.2,worker,1,0,120,0.002110440608811739,9.0
134,100000031,88,60,37.2,worker,3,1,129,0.008735117363451273,10.100000000000001
135,100000031,88,60,37.2,worker,2,1,148,0.037439361732523525,15.100000000000001
136,100000031,88,60,37.2,worker,1,0,91,1.5952287036662275e-7,18.0
137,100000031,88,60,37.2,worker,1,0,139,2.1221081187947943e-6,9.200000000000001
138,100000031,88,60,37.2,resident,2,5,20,0.3179257857361304,12.4
139,100000031,88,60,37.2,worker,27,17,109,1.5877825962000185,10.9
140,100000031,88,60,37.2,worker,1,0,121,0.0005215518087706365,14.200000000000001
141,100000031,88,60,37.2,worker,1,0,118,0.0005814845031968472,11.5
142,100000031,88,60,37.2,worker,7,1,126,0.3687021880502234,16.1
143,100000031,88,60,37.2,worker,32,18,124,4.238049490687075,9.9
144,100000031,88,60,37.2,worker,1,0,123,3.973293380586562e-6,17.6
145,100000031,88,60,37.2,worker,1,0,92,5.264008775921687e-5,11.600000000000001
146,100000031,88,60,37.2,worker,3,1,117,0.2591175701772278,14.100000000000001
147,100000031,88,60,37.2,worker,1,0,118,0.03091163442771284,7.7
148,100000031,88,60,37.2,worker,1,0,113,9.350023284053e-7,9.700000000000001
149,100000031,88,60,37.2,worker,1,0,130,0.01594288624532647,15.4
150,100000031,88,60,37.2,worker,34,21,124,2.7145367648630097,23.1
151,100000031,88,60,37.2,worker,1,0,136,7.752416461409728e-11,8.3
152,100000031,88,60,37.2,worker,37,16,105,2.739132366056561,15.9
153,100000031,88,60,37.2,worker,1,0,117,1.2746898226593753e-8,17.6
154,100000031,88,60,37.2,worker,1,0,147,0.003897412907611463,17.5
155,100000031,88,60,37.2,worker,22,12,130,1.8861990279346859,9.600000000000001
156,100000031,88,60,37.2,worker,1,0,114,0.11183963776342834,9.200000000000001
157,100000031,88,60,37.2,resident,0,1,2,0.07798070471811187,11.0
158,100000031,88,60,37.2,worker,6,4,109,0.11050468054534077,15.9
159,100000031,88,60,37.2,resident,9,36,68,8.878793315846806,18.1
160,100000031,88,60,37.2,worker,1,0,136,0.005520531286273572,15.200000000000001
161,100000031,88,60,37.2,resident,4,14,18,2.5038560111389314,10.4
162,100000031,88,60,37.2,worker,1,0,94,0.0026015403282143666,10.9
163,100000031,88,60,37.2,worker,1,2,123,0.08836675449295457,10.5
164,100000031,88,60,37.2,resident,0,1,8,1.2833501564192012e-5,10.4
165,100000031,88,60,37.2,resident,0,4,16,0.2759926689661028,13.700000000000001
166,100000031,88,60,37.2,resident,0,1,25,4.710456000211345e-7,12.700000000000001
167,100000031,88,60,37.2,worker,32,17,109,2.292321402935123,12.9
168,100000031,88,60,37.2,worker,8,5,133,0.9335898548245791,17.1
169,100000031,88,60,37.2,resident,0,1,70,5.0600712095169604e-5,13.9
170,100000031,88,60,37.2,worker,2,1,109,0.07480320758095219,11.100000000000001
171,100000031,88,60,37.2,worker,1,0,99,3.6547203197276416e-5,14.700000000000001
172,100000031,88,60,37.2,resident,6,16,24,1.5595126792398712,12.100000000000001
173,100000031,88,60,37.2,worker,2,0,122,0.22484851397164685,13.8
174,100000031,88,60,37.2,worker,1,0,94,4.863980624242048e-10,16.3
175,100000031,88,60,37.2,worker,1,0,123,3.444646119395466e-5,12.700000000000001
176,100000031,88,60,37.2,worker,1,0,142,0.0005962731020183877,11.100000000000001
177,100000031,88,60,37.2,worker,1,0,129,2.5301197479189256e-6,16.7
178,100000031,88,60,37.2,worker,1,0,106,0.00044494685897712987,9.200000000000001
179,100000031,88,60,37.2,worker,2,0,116,0.008342394671239997,12.3
180,100000031,88,60,37.2,worker,1,0,116,1.785953350399655e-7,12.700000000000001
181,100000031,88,60,37.2,worker,1,0,107,0.00014678660488178896,13.0
182,100000031,88,60,37.2,resident,0,1,26,0.0022114152689957692,10.3
183,100000031,88,60,37.2,resident,0,1,56,0.0005730057007604143,14.0
184,100000031,88,60,37.2,worker,7,0,93,0.5843728921113182,8.8
185,100000031,88,60,37.2,worker,1,0,123,9.011461480300596e-8,18.6
186,100000031,88,60,37.2,worker,1,0,99,0.002377616474409846,9.1
187,100000031,88,60,37.2,worker,9,4,110,1.0242370529356126,17.0
188,100000031,88,60,37.2,worker,1,0,104,0.002190431355500517,10.3
189,100000031,88,60,37.2,resident,3,8,51,0.6692063447164103,10.100000000000001
190,100000031,88,60,37.2,resident,0,2,14,0.004469183533581937,14.700000000000001
191,100000031,88,60,37.2,worker,33,25,124,6.459217851675766,12.4
192,100000031,88,60,37.2,worker,15,8,116,0.5123354369869888,17.0
193,100000031,88,60,37.2,worker,5,0,106,0.10722970720808078,15.8
194,100000031,88,60,37.2,worker,2,0,101,0.028183801493090844,12.700000000000001
195,100000031,88,60,37.2,resident,0,1,38,0.000493475226927046,21.8
196,100000031,88,60,37.2,worker,1,0,102,7.130060427422176e-5,15.4
197,100000031,88,60,37.2,resident,6,14,13,1.7733429335432211,11.5
198,100000031,88,60,37.2,worker,21,14,129,0.49461486393040227,16.3
199,100000031,88,60,37.2,resident,1,10,55,0.5995473306445978,13.5
200,100000031,88,60,37.2,worker,1,0,133,0.0013012926430913683,10.8
201,100000031,88,60,37.2,worker,1,1,110,0.08722209915244941,13.100000000000001
202,100000031,88,60,37.2,worker,2,0,128,0.018947421399849014,13.200000000000001
203,100000031,88,60,37.2,worker,1,1,91,0.04752314739335385,14.4
204,100000031,88,60,37.2,resident,0,1,49,1.8650897649870808e-10,12.600000000000001
205,100000031,88,60,37.2,resident,10,22,15,7.706425073532067,14.700000000000001
206,100000031,88,60,37.2,resident,0,1,29,0.004120526705298978,15.9
207,100000031,88,60,37.2,worker,3,2,101,0.07142317168778253,10.700000000000001
208,100000031,88,60,37.2,worker,1,0,93,0.00065548939398852,11.5
209,100000031,88,60,37.2,resident,0,1,49,0.0024426021012796573,11.3
210,100000031,88,60,37.2,worker,1,0,100,2.5367771039427206e-6,15.700000000000001
211,100000031,88,60,37.2,worker,1,0,106,0.047334043773257735,12.0
212,100000031,88,60,37.2,resident,2,1,58,0.08027968344474053,14.700000000000001
213,100000031,88,60,37.2,worker,1,0,148,2.8410223396850976e-5,8.9
214,100000031,88,60,37.2,worker,15,10,129,0.5088226518385816,14.600000000000001
215,100000031,88,60,37.2,resident,0,1,77,2.1553227896710335e-5,10.9
216,100000031,88,60,37.2,worker,16,8,91,1.83962273830781,12.100000000000001
217,100000031,88,60,37.2,worker,2,1,121,0.08295667229982563,14.0
218,100000031,88,60,37.2,worker,1,0,145,1.6012864890064463e-10,13.100000000000001
219,100000031,88,60,37.2,worker,32,17,130,8.520602432581347,10.0
220,100000031,88,60,37.2,worker,2,0,97,0.05976849722522339,9.700000000000001
221,100000031,88,60,37.2,worker,1,0,148,3.647404430248505e-5,13.4
222,100000031,88,60,37.2,worker,1,0,120,0.0009408310235045363,13.3
223,100000031,88,60,37.2,worker,3,0,128,0.07430096541180711,14.9
224,100000031,88,60,37.2,worker,1,0,89,6.601521616493098e-10,8.5
225,100000031,88,60,37.2,worker,1,0,114,0.0004855895293566049,15.200000000000001
226,100000031,88,60,37.2,resident,0,3,57,0.15696579975542613,19.5
227,100000031,88,60,37.2,worker,31,10,124,1.6829220861026404,14.8
228,100000031,88,60,37.2,worker,5,1,102,0.1549438480999205,11.700000000000001
229,100000031,88,60,37.2,worker,13,8,102,0.628003286060026,15.600000000000001
230,100000031,88,60,37.2,worker,1,0,132,0.0029519788817122753,15.9
231,100000031,88,60,37.2,worker,6,2,93,0.2742215432846393,11.3
232,100000031,88,60,37.2,resident,0,1,30,2.90817413917264e-7,16.5
233,100000031,88,60,37.2,resident,0,1,48,0.0008178368783770312,16.8
234,100000031,88,60,37.2,worker,1,0,100,0.0017111149391249643,10.700000000000001
235,100000031,88,60,37.2,worker,1,0,93,0.02166236740726917,13.200000000000001
236,100000031,88,60,37.2,worker,7,1,140,0.1796694576846492,13.3
237,100000031,88,60,37.2,worker,8,4,128,0.20909891503697076,13.0
238,100000031,88,60,37.2,resident,0,1,79,1.4373456837767017e-6,12.3
239,100000031,88,60,37.2,worker,5,1,102,0.7411137577528647,8.6
240,100000031,88,60,37.2,worker,1,0,118,0.022193177296772254,10.4
241,100000031,88,60,37.2,resident,0,1,56,0.052150995568895485,14.4
242,100000031,88,60,37.2,resident,0,3,33,0.14073630762879502,13.700000000000001
243,100000031,88,60,37.2,worker,1,0,93,9.797534016409051e-6,13.100000000000001
244,100000031,88,60,37.2,worker,1,0,117,2.4199179989849516e-9,11.5
245,100000031,88,60,37.2,worker,21,12,95,1.5094233949397133,23.5
246,100000031,88,60,37.2,resident,0,2,78,0.11298759255615885,12.5
247,100000031,88,60,37.2,worker,1,0,129,0.0003885630394952508,15.700000000000001
248,100000031,88,60,37.2,resident,0,1,49,0.00018442341325791608,24.5
249,100000031,88,60,37.2,worker,1,0,126,6.003097882408845e-12,14.5
250,100000031,88,60,37.2,worker,1,0,136,1.1194348100681634e-7,10.100000000000001
251,100000031,88,60,37.2,worker,3,2,130,0.11647890626584216,12.100000000000001
252,100000031,88,60,37.2,worker,17,4,125,1.9653262145895884,9.600000000000001
253,100000031,88,60,37.2,worker,1,0,139,0.003094647335983086,18.6
254,100000031,88,60,37.2,worker,3,2,142,0.6081424237799763,17.0
255,100000031,88,60,37.2,worker,1,0,106,0.011099971327254028,12.5
256,100000031,88,60,37.2,worker,10,2,99,0.33521620030371413,12.8
257,100000031,88,60,37.2,resident,0,1,88,0.05545436328125006,12.200000000000001
258,100000031,88,60,37.2,worker,1,0,130,0.0001098213204537982,11.8
259,100000031,88,60,37.2,worker,1,0,107,0.0013270380857911815,14.4
260,100000031,88,60,37.2,worker,10,6,123,0.44280325387969155,12.200000000000001
261,100000031,88,60,37.2,worker,2,0,143,0.006747600163988697,11.5
262,100000031,88,60,37.2,worker,1,0,94,2.4965118733977345e-9,12.8
263,100000031,88,60,37.2,worker,1,0,117,1.0475083002763478e-5,14.200000000000001
264,100000031,88,60,37.2,worker,1,0,94,2.972167776602815e-7,15.3
265,100000031,88,60,37.2,worker,1,0,127,0.0001242994939388234,9.200000000000001
266,100000031,88,60,37.2,resident,0,1,81,4.915578818989465e-16,13.0
267,100000031,88,60,37.2,worker,5,4,124,0.356842117861992,10.3
268,100000031,88,60,37.2,worker,3,1,109,0.10882162802253174,8.8
269,100000031,88,60,37.2,worker,1,0,145,0.00021533190578349563,9.4
270,100000031,88,60,37.2,resident,0,1,79,0.0012728431872681325,10.100000000000001
271,100000031,88,60,37.2,worker,5,6,90,0.42858049637714213,14.0
272,100000031,88,60,37.2,worker,9,7,97,0.5085817863795189,17.400000000000002
273,100000031,88,60,37.2,worker,16,9,109,0.7177949485232351,11.100000000000001
274,100000031,88,60,37.2,worker,1,0,137,2.5936377509962174e-5,12.0
275,100000031,88,60,37.2,worker,5,5,121,0.41078600111174984,10.5
276,100000031,88,60,37.2,worker,4,3,99,0.18711832818502092,10.200000000000001
277,100000031,88,60,37.2,worker,1,0,124,0.00029420689249169273,9.1
278,100000031,88,60,37.2,worker,7,7,112,0.48207401594467486,14.9
279,100000031,88,60,37.2,resident,1,4,48,0.17297139237843323,9.8
280,100000031,88,60,37.2,worker,3,1,119,0.15189540129310633,9.200000000000001
281,100000031,88,60,37.2,worker,1,0,98,1.3185363156302462e-6,13.4
282,100000031,88,60,37.2,resident,3,6,4,0.6151673382891637,10.200000000000001
283,100000031,88,60,37.2,resident,0,5,66,0.04413846435394803,17.2
284,100000031,88,60,37.2,worker,3,4,136,0.17612553803545147,11.5
285,100000031,88,60,37.2,worker,1,0,145,0.02078839672061309,11.0
286,100000031,88,60,37.2,worker,1,0,123,1.223689869895166e-14,16.1
287,100000031,88,60,37.2,worker,1,0,90,0.027399815280033067,10.0
288,100000031,88,60,37.2,worker,2,1,123,0.0647012835960988,15.3
289,100000031,88,60,37.2,worker,4,2,89,0.3271289667198624,7.4
290,100000031,88,60,37.2,worker,6,4,101,0.17112776703667826,19.3
291,100000031,88,60,37.2,worker,1,0,116,0.003948987914173722,12.0
292,100000031,88,60,37.2,resident,4,4,82,0.34040599503733476,11.9
293,100000031,88,60,37.2,worker,1,0,102,0.05053117694295567,19.1
294,100000031,88,60,37.2,resident,0,1,26,4.698329617224074e-8,13.100000000000001
295,100000031,88,60,37.2,worker,1,0,110,9.590013876796447e-5,9.5
296,100000031,88,60,37.2,worker,7,1,142,1.9011794746675004,11.200000000000001
297,100000031,88,60,37.2,resident,0,1,88,0.00039657690625161216,11.600000000000001
298,100000031,88,60,37.2,worker,16,11,120,0.8932148726170068,12.600000000000001
299,100000031,88,60,37.2,resident,7,19,35,3.216776289221633,13.200000000000001
300,100000031,88,60,37.2,resident,1,3,59,0.08530488405508456,11.600000000000001
301,100000031,88,60,37.2,resident,4,23,2,2.60683256789116,13.200000000000001
302,100000031,88,60,37.2,worker,1,0,124,0.001377784812267479,12.3
303,100000031,88,60,37.2,worker,1,0,130,5.7257687226858364e-12,10.4
304,100000031,88,60,37.2,worker,1,0,140,5.296982601708952e-5,13.600000000000001
305,100000031,88,60,37.2,resident,1,4,29,0.15688934814545777,11.4
306,100000031,88,60,37.2,worker,1,0,127,0.00028009169489147,14.600000000000001
307,100000031,88,60,37.2,resident,0,1,5,0.0017612239240483104,14.5
308,100000031,88,60,37.2,worker,2,2,130,0.11911436299586237,11.100000000000001
309,100000031,88,60,37.2,worker,5,4,96,0.17089835785071744,13.8
310,100000031,88,60,37.2,worker,3,0,89,0.01095552128674661,17.0
311,100000031,88,60,37.2,resident,1,7,8,0.45697060478824847,14.3
312,100000031,88,60,37.2,worker,1,0,99,0.00018877019847176812,16.1
313,100000031,88,60,37.2,worker,4,5,145,0.39823966957567786,14.600000000000001
314,100000031,88,60,37.2,worker,1,0,119,0.04934098958238489,11.0
315,100000031,88,60,37.2,worker,3,1,136,0.047531444376111835,13.8
316,100000031,88,60,37.2,resident,1,9,69,0.8843415683220284,10.5
317,100000031,88,60,37.2,worker,1,1,123,0.004139068244706507,12.4
318,100000031,88,60,37.2,resident,0,1,41,3.4018336236166988e-9,8.700000000000001
319,100000031,88,60,37.2,resident,2,4,86,0.28625592998523125,12.600000000000001
320,100000031,88,60,37.2,resident,0,1,13,1.1230328780031574e-5,13.5
321,100000031,88,60,37.2,worker,1,0,143,0.00034836818181349264,15.700000000000001
322,100000031,88,60,37.2,worker,1,0,118,4.158615064406631e-7,14.3
323,100000031,88,60,37.2,worker,1,1,120,0.033365387671237576,15.0
324,100000031,88,60,37.2,worker,2,0,99,0.07501822055755265,12.0
325,100000031,88,60,37.2,worker,1,0,99,2.8675956623704754e-7,7.0
326,100000031,88,60,37.2,worker,11,0,140,0.24565630255999296,19.5
327,100000031,88,60,37.2,worker,41,18,99,4.370645573190746,12.5
328,100000031,88,60,37.2,worker,1,0,128,3.051123385774198e-9,8.1
329,100000031,88,60,37.2,worker,6,1,147,0.25017156154901377,11.0
330,100000031,88,60,37.2,worker,8,2,148,2.1782504315257767,10.9
331,100000031,88,60,37.2,worker,1,0,123,0.00011264717427205918,24.1
332,100000031,88,60,37.2,resident,0,1,59,0.061598278861197876,16.6
333,100000031,88,60,37.2,worker,1,0,129,0.00011526716374797177,13.5
334,100000031,88,60,37.2,resident,0,1,88,0.10379825692907277,11.200000000000001
335,100000031,88,60,37.2,resident,0,1,47,4.833077029778323e-7,11.4
336,100000031,88,60,37.2,resident,10,14,52,1.6922964839424,12.0
337,100000031,88,60,37.2,resident,5,7,58,0.3695138125579692,14.200000000000001
338,100000031,88,60,37.2,worker,1,0,94,5.8357171750023766e-5,12.3
339,100000031,88,60,37.2,resident,0,1,58,0.022039026232517932,11.100000000000001
340,100000031,88,60,37.2,worker,14,2,93,1.061968762038926,13.8
341,100000031,88,60,37.2,worker,16,11,107,0.8784135204411775,12.5
342,100000031,88,60,37.2,resident,1,1,75,0.0057566223726859935,8.3
343,100000031,88,60,37.2,resident,1,1,12,0.024479558980881843,12.600000000000001
344,100000031,88,60,37.2,worker,2,0,117,0.021896884252200287,13.9
345,100000031,88,60,37.2,worker,3,0,147,0.1754825419428478,9.600000000000001
346,100000031,88,60,37.2,worker,1,0,91,8.482896234644205e-6,14.200000000000001
347,100000031,88,60,37.2,resident,5,8,40,0.7324972198439341,13.5
348,100000031,88,60,37.2,worker,3,2,124,0.13628437428867113,11.9
349,100000031,88,60,37.2,worker,10,3,97,0.3428623057009415,10.100000000000001
350,100000031,88,60,37.2,worker,3,3,94,0.2427563322124488,11.9
351,100000031,88,60,37.2,resident,0,1,62,3.25287181391801e-7,12.0
352,100000031,88,60,37.2,worker,1,0,89,0.007438362066812243,15.5
353,100000031,88,60,37.2,worker,10,4,101,0.3610027169747574,12.0
354,100000031,88,60,37.2,worker,1,0,115,3.4690936778582665e-5,12.4
355,100000031,88,60,37.2,worker,1,0,123,0.001293374795863062,15.4
356,100000031,88,60,37.2,worker,1,0,94,0.003299729750891346,18.400000000000002
357,100000031,88,60,37.2,worker,1,0,129,3.3684579207679504e-5,16.0
358,100000031,88,60,37.2,worker,1,0,144,2.6269837864433274e-9,9.9
359,100000031,88,60,37.2,worker,11,8,128,0.7140198259026531,16.6
360,100000031,88,60,37.2,worker,7,6,123,0.19732376429294896,11.200000000000001
361,100000031,88,60,37.2,worker,7,1,93,0.3837306453167068,10.3
362,100000031,88,60,37.2,resident,2,4,17,0.2926486067868615,13.700000000000001
363,100000031,88,60,37.2,worker,2,0,101,0.005202684078395628,12.600000000000001
364,100000031,88,60,37.2,worker,4,3,102,0.8905655671152192,8.9
365,100000031,88,60,37.2,resident,9,29,29,10.999596282278164,11.4
366,100000031,88,60,37.2,resident,0,1,43,0.004733875219450367,13.700000000000001
367,100000031,88,60,37.2,worker,1,0,120,2.6676799075223084e-5,16.5
368,100000031,88,60,37.2,worker,1,0,136,0.0037046689365542425,13.5
369,100000031,88,60,37.2,resident,3,2,63,0.4330088971635134,13.0
370,100000031,88,60,37.2,worker,3,5,123,0.09098532375188205,12.700000000000001
371,100000031,88,60,37.2,resident,0,1,25,5.337766494326889e-5,11.600000000000001
372,100000031,88,60,37.2,worker,1,0,125,0.0008542595892250676,10.600000000000001
373,100000031,88,60,37.2,resident,0,1,53,0.011505179836914764,12.0
374,100000031,88,60,37.2,worker,7,3,123,0.20235349789880128,10.100000000000001
375,100000031,88,60,37.2,worker,15,4,93,1.676869721246565,10.5
376,100000031,88,60,37.2,worker,13,7,129,0.47992459185576614,11.8
377,100000031,88,60,37.2,worker,1,0,123,2.4008737653711734e-6,12.5
378,100000031,88,60,37.2,resident,0,1,33,0.012775827051065992,12.200000000000001
379,100000031,88,60,37.2,worker,1,0,109,0.0020260898504517967,11.200000000000001
380,100000031,88,60,37.2,resident,0,1,52,0.0019102034114549023,15.4
381,100000031,88,60,37.2,resident,4,12,9,1.6546689688797283,10.100000000000001
382,100000031,88,60,37.2,worker,1,0,144,0.0035780636160210747,9.200000000000001
383,100000031,88,60,37.2,worker,6,3,127,0.14735170742734377,13.600000000000001
384,100000031,88,60,37.2,worker,1,0,109,0.04238699699022595,11.5
385,100000031,88,60,37.2,worker,3,2,148,0.13414675495142883,15.0
386,100000031,88,60,37.2,worker,5,5,135,0.636228348337359,11.4
387,100000031,88,60,37.2,resident,4,10,84,1.0050607233140159,14.5
388,100000031,88,60,37.2,resident,0,1,13,0.00038279696083326747,9.4
389,100000031,88,60,37.2,worker,2,1,101,0.017187450991663186,11.200000000000001
390,100000031,88,60,37.2,worker,22,11,105,1.0819879422903826,11.5
391,100000031,88,60,37.2,worker,1,0,104,0.0007634233774189436,9.600000000000001
392,100000031,88,60,37.2,resident,0,1,20,0.02035875988438625,14.5
393,100000031,88,60,37.2,worker,1,0,97,1.4060624543899149e-5,14.4
394,100000031,88,60,37.2,worker,1,0,91,0.00694069682821102,9.1
395,100000031,88,60,37.2,resident,6,8,36,1.2801454607581113,10.8
396,100000031,88,60,37.2,worker,10,10,93,0.7759145828902291,10.4
397,100000031,88,60,37.2,worker,1,0,129,1.4064400781758857e-7,10.4
398,100000031,88,60,37.2,resident,0,1,43,4.590255501625288e-11,17.7
399,100000031,88,60,37.2,worker,10,7,132,1.7943181980169916,11.9
400,100000031,88,60,37.2,worker,3,1,98,0.04200712399492628,11.5
401,100000031,88,60,37.2,resident,0,1,72,0.0011651516321469753,16.2
402,100000031,88,60,37.2,worker,1,0,117,0.0007471922231568266,11.700000000000001
403,100000031,88,60,37.2,worker,1,2,118,0.10373987005470553,10.3
404,100000031,88,60,37.2,worker,1,0,108,3.781126000366394e-9,12.100000000000001
405,100000031,88,60,37.2,worker,2,0,97,0.004701274507707031,12.200000000000001
406,100000031,88,60,37.2,worker,1,0,109,2.673389789964827e-8,16.3
407,100000031,88,60,37.2,worker,1,1,96,0.0632711979705313,12.100000000000001
408,100000031,88,60,37.2,worker,2,0,109,0.13034825221535107,9.9
409,100000031,88,60,37.2,worker,3,3,129,0.09226363594716855,13.3
410,100000031,88,60,37.2,worker,1,0,105,0.030478854802040403,10.600000000000001
411,100000031,88,60,37.2,worker,1,0,140,0.0010413195145362146,9.200000000000001
412,100000031,88,60,37.2,resident,0,1,86,0.012727474187066412,10.0
413,100000031,88,60,37.2,worker,6,3,90,0.4359833108850349,17.2
414,100000031,88,60,37.2,worker,1,0,126,0.0011430600063669831,12.9
415,100000031,88,60,37.2,worker,3,1,136,0.07909140512169487,9.4
416,100000031,88,60,37.2,resident,0,1,4,0.00023022277395740812,10.4
417,100000031,88,60,37.2,worker,18,8,107,1.246887523248669,16.2
418,100000031,88,60,37.2,worker,13,3,141,0.7439673654937605,11.600000000000001
419,100000031,88,60,37.2,resident,5,15,86,1.7088180294754698,11.5
420,100000031,88,60,37.2,worker,2,2,136,0.20941670075921265,12.4
421,100000031,88,60,37.2,resident,0,1,71,1.2723115363224006e-5,13.100000000000001
422,100000031,88,60,37.2,resident,8,19,46,1.1050517522358454,16.3
423,100000031,88,60,37.2,worker,1,1,109,0.029987436487086967,15.0
424,100000031,88,60,37.2,resident,0,1,36,0.04719579989389039,12.4
425,100000031,88,60,37.2,resident,0,1,35,0.008600114911832915,10.8
426,100000031,88,60,37.2,worker,1,0,89,1.318615782581275e-6,10.3
427,100000031,88,60,37.2,worker,1,0,113,6.306803288707437e-6,8.1
428,100000031,88,60,37.2,worker,1,0,123,6.1569765339045e-7,12.0
429,100000031,88,60,37.2,worker,1,0,99,0.00319906358044324,9.8
430,100000031,88,60,37.2,worker,1,0,112,1.4049599657116223e-7,11.0
431,100000031,88,60,37.2,worker,1,0,136,0.0006374709168690101,10.8
432,100000031,88,60,37.2,worker,1,0,93,4.5804741020793504e-5,13.3
433,100000031,88,60,37.2,worker,1,0,116,2.9721409666075655e-5,15.0
434,100000031,88,60,37.2,worker,8,2,129,0.19126604240807457,12.600000000000001
435,100000031,88,60,37.2,worker,1,0,99,0.0011301640941889114,10.700000000000001
436,100000031,88,60,37.2,worker,1,0,93,0.00010309065756282817,6.800000000000001
437,100000031,88,60,37.2,worker,1,0,113,2.2376829567273673e-18,10.0
438,100000031,88,60,37.2,worker,1,0,140,3.853443227221124e-7,14.0
439,100000031,88,60,37.2,resident,5,16,64,3.668551754874263,10.700000000000001
440,100000031,88,60,37.2,worker,1,1,106,0.021319164478892053,14.5
441,100000031,88,60,37.2,worker,7,0,117,0.1846802870125692,10.200000000000001
442,100000031,88,60,37.2,resident,3,10,30,1.4659481306277033,9.200000000000001
443,100000031,88,60,37.2,worker,1,0,89,0.0002912161309149241,14.0
444,100000031,88,60,37.2,worker,1,0,95,1.872698277371979e-7,12.700000000000001
445,100000031,88,60,37.2,resident,0,1,14,0.00022168086364026516,12.5
446,100000031,88,60,37.2,worker,1,0,112,0.003440478454661888,22.200000000000003
447,100000031,88,60,37.2,worker,1,0,148,0.0005037864628503531,11.100000000000001
448,100000031,88,60,37.2,resident,0,2,18,0.03477554899077657,16.2
449,100000031,88,60,37.2,worker,1,0,105,0.0012548865306675667,13.0
450,100000031,88,60,37.2,resident,0,1,17,0.0028709919126776217,23.400000000000002
451,100000031,88,60,37.2,worker,1,0,117,0.005135689201351736,10.9
452,100000031,88,60,37.2,worker,1,0,130,0.0002630284628730711,17.0
453,100000031,88,60,37.2,worker,1,0,95,2.102327681568275e-9,15.8
454,100000031,88,60,37.2,worker,4,1,99,0.14878301690020418,11.700000000000001
455,100000031,88,60,37.2,worker,1,0,139,0.011817931121757594,12.5
456,100000031,88,60,37.2,worker,12,8,135,4.187066666289899,11.9
457,100000031,88,60,37.2,worker,1,0,101,1.1996464677283727e-10,12.3
458,100000031,88,60,37.2,worker,1,0,139,0.05026007453018238,8.0
459,100000031,88,60,37.2,worker,1,0,91,2.9911517614606966e-8,16.900000000000002
460,100000031,88,60,37.2,worker,7,4,102,0.39928896565497085,12.3
461,100000031,88,60,37.2,worker,13,8,113,1.3638365852396463,10.0
462,100000031,88,60,37.2,worker,1,0,124,0.005809152000609768,12.700000000000001
463,100000031,88,60,37.2,worker,1,0,108,0.00014993843574655368,13.600000000000001
464,100000031,88,60,37.2,resident,0,1,50,0.045894438622603284,11.600000000000001
465,100000031,88,60,37.2,worker,1,0,96,9.091085337885949e-5,13.9
466,100000031,88,60,37.2,worker,1,0,107,0.0007388842140648537,10.3
467,100000031,88,60,37.2,worker,1,0,114,0.005722631181938458,14.700000000000001
468,100000031,88,60,37.2,resident,0,2,31,0.16755666981815362,7.4
469,100000031,88,60,37.2,worker,5,3,105,0.1246377066518242,17.1
470,100000031,88,60,37.2,worker,20,15,136,3.102976605839952,14.600000000000001
471,100000031,88,60,37.2,worker,1,0,135,0.004405525392939742,8.700000000000001
472,100000031,88,60,37.2,resident,0,1,85,1.2132804440479753e-5,14.4
473,100000031,88,60,37.2,worker,1,0,143,0.0024831523662397267,10.600000000000001
474,100000031,88,60,37.2,worker,1,0,115,8.867739989909224e-7,11.4
475,100000031,88,60,37.2,worker,22,9,94,3.0181157855106986,13.700000000000001
476,100000031,88,60,37.2,resident,9,18,35,3.7525055526040005,11.0
477,100000031,88,60,37.2,worker,2,2,127,0.07802160355434387,11.3
478,100000031,88,60,37.2,worker,1,0,147,0.0027454881650855593,10.100000000000001
479,100000031,88,60,37.2,worker,3,1,97,0.03584701567264614,12.700000000000001
480,100000031,88,60,37.2,worker,2,0,123,0.009630529171633555,8.700000000000001
481,100000031,88,60,37.2,resident,0,11,81,0.850232928125524,10.0
482,100000031,88,60,37.2,worker,1,0,102,4.0448661104552446e-5,8.9
483,100000031,88,60,37.2,worker,10,8,89,1.0036523039533234,12.0
484,100000031,88,60,37.2,worker,2,0,147,0.06662917030387448,10.600000000000001
485,100000031,88,60,37.2,worker,1,0,105,1.8610194766254275e-6,12.200000000000001
486,100000031,88,60,37.2,worker,1,0,127,8.59121388704715e-5,10.0
487,100000031,88,60,37.2,worker,4,1,118,0.2784330086319551,12.8
488,100000031,88,60,37.2,worker,9,1,135,0.7912111647942175,11.0
489,100000031,88,60,37.2,worker,1,0,133,2.7384887461003604e-5,14.3
490,100000031,88,60,37.2,worker,3,3,141,0.2059280794299435,9.600000000000001
491,100000031,88,60,37.2,worker,1,0,109,6.083112907825203e-6,15.8
492,100000031,88,60,37.2,worker,1,0,140,0.001993422707658371,12.200000000000001
493,100000031,88,60,37.2,worker,4,0,100,0.24757095774707386,10.9
494,100000031,88,60,37.2,resident,3,3,39,0.8390350802774105,12.200000000000001
495,100000031,88,60,37.2,worker,1,0,103,2.169245448911549e-9,11.4
496,100000031,88,60,37.2,worker,3,1,99,0.016503999396631403,13.3
497,100000031,88,60,37.2,worker,8,4,97,0.8216239319591764,10.100000000000001
498,100000031,88,60,37.2,resident,0,1,5,0.020148191300465374,11.0
499,100000031,88,60,37.2,worker,1,0,95,0.0014403920443337777,15.600000000000001
500,100000031,88,60,37.2,worker,3,0,147,0.054514879944457535,11.3
501,100000031,88,60,37.2,resident,0,2,74,0.016433457798517067,10.0
502,100000031,88,60,37.2,worker,7,4,140,0.5739115394577395,11.4
503,100000031,88,60,37.2,worker,28,16,101,1.8114293215578858,12.0
504,100000031,88,60,37.2,worker,1,0,90,0.0013914759683720673,14.8
505,100000031,88,60,37.2,worker,1,0,98,4.0002154953469155e-22,11.600000000000001
506,100000031,88,60,37.2,worker,8,7,147,0.5718420570342904,13.0
507,100000031,88,60,37.2,worker,6,2,101,0.14471331404200452,13.200000000000001
508,100000031,88,60,37.2,worker,3,2,121,0.19683011676807544,14.100000000000001
509,100000031,88,60,37.2,worker,1,0,129,0.010125710651096742,22.700000000000003
510,100000031,88,60,37.2,worker,11,5,108,0.9500939320587184,15.9
511,100000031,88,60,37.2,resident,2,2,20,0.07318191873229525,13.200000000000001
512,100000031,88,60,37.2,worker,1,0,117,0.0002981181416230123,11.700000000000001
513,100000031,88,60,37.2,worker,1,0,112,0.005083714004607671,20.900000000000002
514,100000031,88,60,37.2,resident,10,26,33,4.104950517587726,13.8
515,100000031,88,60,37.2,worker,20,14,127,0.7964053864248919,15.4
516,100000031,88,60,37.2,worker,1,0,129,4.664815570698326e-7,15.200000000000001
517,100000031,88,60,37.2,worker,1,0,116,1.1464151623804997e-9,12.0
518,100000031,88,60,37.2,worker,3,0,137,0.08831218921925724,10.4
519,100000031,88,60,37.2,worker,4,1,130,0.17610660194135597,13.0
520,100000031,88,60,37.2,worker,1,0,101,0.005559023616119334,15.0
521,100000031,88,60,37.2,worker,1,0,120,1.4904462378784768e-6,9.9
522,100000031,88,60,37.2,worker,4,0,95,0.18229489795045462,13.700000000000001
523,100000031,88,60,37.2,resident,0,1,69,1.219775633310004e-13,10.100000000000001
524,100000031,88,60,37.2,worker,1,0,115,0.09051922661377446,14.200000000000001
525,100000031,88,60,37.2,worker,2,0,146,0.09018591043246424,12.4
526,100000031,88,60,37.2,resident,0,1,34,1.536974366333011e-6,14.4
527,100000031,88,60,37.2,worker,13,4,93,0.49028245812736787,19.400000000000002
528,100000031,88,60,37.2,worker,1,0,103,0.00030086755124622626,13.600000000000001
529,100000031,88,60,37.2,worker,1,0,116,0.0005529340146540654,15.3
530,100000031,88,60,37.2,resident,0,1,26,3.4243433345929586e-5,13.100000000000001
531,100000031,88,60,37.2,worker,1,0,133,7.83453228589478e-6,12.100000000000001
532,100000031,88,60,37.2,worker,6,2,109,0.1790584688358475,15.8
533,100000031,88,60,37.2,worker,9,3,106,0.4781693663705765,15.8
534,100000031,88,60,37.2,worker,2,1,121,0.3857420104416527,10.8
535,100000031,88,60,37.2,worker,24,18,93,1.057021904304131,20.0
536,100000031,88,60,37.2,worker,2,0,107,0.019678448695523043,13.600000000000001
537,100000031,88,60,37.2,worker,1,0,123,0.0008033850212497693,13.700000000000001
538,100000031,88,60,37.2,resident,2,7,56,0.423684448787552,11.3
539,100000031,88,60,37.2,worker,1,0,138,0.0565798147812788,14.4
540,100000031,88,60,37.2,worker,9,5,138,4.2420879164365095,11.3
541,100000031,88,60,37.2,worker,1,0,143,0.001948476989785258,11.5
542,100000031,88,60,37.2,worker,2,1,117,0.06489409786957703,13.5
543,100000031,88,60,37.2,worker,1,0,141,0.003396016320027266,9.3
544,100000031,88,60,37.2,worker,1,0,130,0.002722145013482413,10.4
545,100000031,88,60,37.2,worker,23,16,122,3.2509707662343885,12.8
546,100000031,88,60,37.2,worker,3,1,137,0.054766501397374,16.0
547,100000031,88,60,37.2,worker,1,0,140,0.0009697521041205703,13.5
548,100000031,88,60,37.2,resident,3,6,46,0.5726678873068545,10.9
549,100000031,88,60,37.2,worker,1,0,95,0.01755399326096872,12.600000000000001
550,100000031,88,60,37.2,worker,1,0,117,0.01105557583040772,12.100000000000001
551,100000031,88,60,37.2,worker,1,0,121,0.002139720054400569,12.100000000000001
552,100000031,88,60,37.2,worker,8,7,89,0.4176204135349465,14.600000000000001
553,100000031,88,60,37.2,worker,1,0,99,0.004581294654405604,11.9
554,100000031,88,60,37.2,worker,18,10,112,1.0203588134313224,11.3
555,100000031,88,60,37.2,worker,1,0,119,0.015589796779611304,14.600000000000001
556,100000031,88,60,37.2,worker,1,0,136,0.007240612056504202,11.200000000000001
557,100000031,88,60,37.2,worker,5,2,129,0.18386563246178214,11.0
558,100000031,88,60,37.2,resident,0,1,70,2.598535437501752e-8,15.700000000000001
559,100000031,88,60,37.2,worker,24,14,112,1.0976381666565755,18.2
560,100000031,88,60,37.2,resident,0,1,58,0.0016708200918477095,18.2
561,100000031,88,60,37.2,worker,1,0,130,0.020536273463570006,12.5
562,100000031,88,60,37.2,worker,3,2,147,0.11011078991362201,14.3
563,100000031,88,60,37.2,worker,3,0,105,0.018380493629702642,12.0
564,100000031,88,60,37.2,resident,0,1,9,0.056557605599542995,16.5
565,100000031,88,60,37.2,worker,9,6,116,0.7706500723445908,10.3
566,100000031,88,60,37.2,worker,18,15,130,0.8686423174230087,9.700000000000001
567,100000031,88,60,37.2,worker,1,0,135,0.0162443727917308,15.700000000000001
568,100000031,88,60,37.2,resident,0,1,71,0.003733078776664567,11.5
569,100000031,88,60,37.2,worker,3,0,120,0.015290578133248143,16.3
570,100000031,88,60,37.2,worker,29,21,124,2.301766093583945,14.700000000000001
571,100000031,88,60,37.2,worker,4,1,108,0.22161850716542877,11.600000000000001
572,100000031,88,60,37.2,worker,1,0,147,2.4129614062202381e-32,13.600000000000001
573,100000031,88,60,37.2,worker,1,0,109,0.00024593142724888895,8.0
574,100000031,88,60,37.2,resident,0,1,52,0.0523022899437243,14.0
575,100000031,88,60,37.2,worker,1,0,144,1.6316673568771168e-10,12.5
576,100000031,88,60,37.2,worker,3,0,99,0.09169514698408078,9.8
577,100000031,88,60,37.2,worker,1,1,102,0.08552427270455046,12.200000000000001
578,100000031,88,60,37.2,worker,1,0,118,0.00013790534871753154,9.1
579,100000031,88,60,37.2,worker,2,0,102,0.049394900935437365,13.5
580,100000031,88,60,37.2,worker,1,0,105,0.002227983293652741,12.100000000000001
581,100000031,88,60,37.2,worker,1,0,139,4.0107974616743796e-5,12.0
582,100000031,88,60,37.2,worker,1,0,139,0.0020638559000019665,12.4
583,100000031,88,60,37.2,worker,1,0,124,7.780986999699298e-10,11.0
584,100000031,88,60,37.2,worker,2,0,140,0.04620948563030215,14.600000000000001
585,100000031,88,60,37.2,worker,1,0,140,1.928493870242438e-6,13.600000000000001
586,100000031,88,60,37.2,worker,1,0,128,0.004070654300876864,12.200000000000001
587,100000031,88,60,37.2,worker,10,2,146,0.6958667834750824,14.4
588,100000031,88,60,37.2,worker,35,21,101,6.2139454219138965,10.8
589,100000031,88,60,37.2,worker,1,0,140,0.0007748650326746795,13.3
590,100000031,88,60,37.2,worker,1,0,123,9.20991823838118e-6,12.700000000000001
591,100000031,88,60,37.2,worker,1,0,105,5.0160107566722845e-6,10.4
592,100000031,88,60,37.2,worker,14,4,147,0.37418915750084353,21.700000000000003
593,100000031,88,60,37.2,worker,1,0,118,5.9153836621275005e-5,14.600000000000001
594,100000031,88,60,37.2,resident,0,3,62,0.08904104688954018,12.600000000000001
595,100000031,88,60,37.2,worker,1,0,124,0.02962661563284519,14.100000000000001
596,100000031,88,60,37.2,resident,0,1,28,0.00018178191135403152,10.700000000000001
597,100000031,88,60,37.2,worker,1,0,107,3.3120280164359487e-11,10.4
598,100000031,88,60,37.2,resident,6,7,31,0.6331234217570577,18.2
599,100000031,88,60,37.2,worker,11,1,136,0.4667876563143947,13.700000000000001
600,100000031,88,60,37.2,resident,0,1,72,1.5145091318643147e-14,12.8
601,100000031,88,60,37.2,worker,13,4,126,0.4609510738354807,18.400000000000002
602,100000031,88,60,37.2,worker,7,5,126,0.8247638454689747,11.4
603,100000031,88,60,37.2,worker,28,18,126,3.8650942457296167,14.600000000000001
604,100000031,88,60,37.2,resident,0,1,22,0.00029959648771163465,11.700000000000001
605,100000031,88,60,37.2,worker,3,1,100,0.3827506180413434,15.4
606,100000031,88,60,37.2,worker,14,13,120,0.8461589562203377,16.400000000000002
607,100000031,88,60,37.2,worker,19,9,128,1.3696804708548767,10.8
608,100000031,88,60,37.2,worker,1,1,89,0.021021893036682227,10.0
609,100000031,88,60,37.2,worker,10,5,133,1.1026617852044078,14.200000000000001
610,100000031,88,60,37.2,worker,1,0,136,8.335172820232497e-6,13.3
611,100000031,88,60,37.2,worker,8,11,119,2.517730331575018,12.9
612,100000031,88,60,37.2,worker,1,0,118,0.0001064982307324066,11.700000000000001
613,100000031,88,60,37.2,worker,4,1,101,0.10324539504847373,13.600000000000001
614,100000031,88,60,37.2,worker,17,6,123,0.424984852594225,15.700000000000001
615,100000031,88,60,37.2,worker,1,0,100,4.951931500329486e-7,16.7
616,100000031,88,60,37.2,resident,0,1,76,0.031192183533013965,22.3
617,100000031,88,60,37.2,worker,3,2,128,0.06411360637918252,13.100000000000001
618,100000031,88,60,37.2,resident,0,4,70,0.16909583415709412,14.600000000000001
619,100000031,88,60,37.2,resident,2,8,9,0.8623925630169049,12.9
620,100000031,88,60,37.2,worker,4,2,109,0.10147798191752438,13.0
621,100000031,88,60,37.2,worker,28,17,101,1.6974225350450791,12.700000000000001
622,100000031,88,60,37.2,worker,7,2,92,0.45135775136778417,14.8
623,100000031,88,60,37.2,resident,0,1,62,1.7149844078072456e-12,10.700000000000001
624,100000031,88,60,37.2,worker,6,1,98,0.15543656287594557,19.0
625,100000031,88,60,37.2,worker,1,0,110,0.0040368622874712955,13.200000000000001
626,100000031,88,60,37.2,worker,1,0,148,8.117922878955216e-7,10.3
627,100000031,88,60,37.2,worker,12,9,127,0.5673279423700914,13.8
628,100000031,88,60,37.2,resident,0,1,9,0.0007101588486337299,9.200000000000001
629,100000031,88,60,37.2,worker,19,14,107,2.4441084895735146,15.8
630,100000031,88,60,37.2,worker,1,0,101,4.3107689325673216e-7,10.9
631,100000031,88,60,37.2,worker,1,0,127,4.890263192486412e-8,12.0
632,100000031,88,60,37.2,worker,1,0,124,7.537471376742517e-5,7.9
633,100000031,88,60,37.2,worker,1,0,129,7.284658211856135e-7,12.100000000000001
634,100000031,88,60,37.2,resident,0,1,38,0.0006993311955838864,9.4
635,100000031,88,60,37.2,worker,3,0,89,0.04168126104026744,12.200000000000001
636,100000031,88,60,37.2,worker,1,0,96,1.163470885751778e-5,11.9
637,100000031,88,60,37.2,worker,19,8,120,1.5690203913663407,12.4
638,100000031,88,60,37.2,worker,2,1,118,0.05176501717884957,10.4
639,100000031,88,60,37.2,resident,0,1,6,0.07676855911871287,9.0
640,100000031,88,60,37.2,worker,1,0,101,8.194507510994753e-5,12.0
641,100000031,88,60,37.2,worker,1,0,147,9.060318364488766e-6,19.700000000000003
642,100000031,88,60,37.2,worker,4,2,119,0.29542574276225153,14.700000000000001
643,100000031,88,60,37.2,worker,1,0,117,1.854233591074432e-10,17.400000000000002
644,100000031,88,60,37.2,resident,0,3,21,0.07422843176254483,16.1
645,100000031,88,60,37.2,worker,14,7,99,0.29802936275137554,20.1
646,100000031,88,60,37.2,resident,0,1,68,1.5435740215574876e-9,18.7
647,100000031,88,60,37.2,worker,1,0,111,0.00112164158590355,11.4
648,100000031,88,60,37.2,worker,1,0,119,0.00048630066621600495,13.5
649,100000031,88,60,37.2,resident,7,18,57,2.6680559238816492,12.9
650,100000031,88,60,37.2,worker,25,11,128,1.5876247713010203,8.1
651,100000031,88,60,37.2,worker,1,0,114,0.002397487763722614,16.8
652,100000031,88,60,37.2,worker,1,0,137,0.00043315716016320197,15.200000000000001
653,100000031,88,60,37.2,worker,2,0,136,0.022120397227533638,12.100000000000001
654,100000031,88,60,37.2,worker,1,0,127,5.032238246532028e-7,11.8
655,100000031,88,60,37.2,worker,3,2,101,0.15601285950816754,10.0
656,100000031,88,60,37.2,resident,1,7,42,0.8002238222292045,9.5
657,100000031,88,60,37.2,worker,13,3,102,0.783797470899268,15.0
658,100000031,88,60,37.2,worker,1,0,127,0.008388224639914474,12.9
659,100000031,88,60,37.2,worker,1,0,122,6.821651950551441e-5,11.700000000000001
660,100000031,88,60,37.2,worker,4,3,109,0.07276254075612562,12.0
661,100000031,88,60,37.2,worker,1,0,136,0.001599027706402043,15.5
662,100000031,88,60,37.2,worker,18,9,113,4.212219293666373,10.0
663,100000031,88,60,37.2,worker,18,5,141,0.8402969287361374,11.700000000000001
664,100000031,88,60,37.2,resident,0,1,41,0.018079225701424253,11.100000000000001
665,100000031,88,60,37.2,worker,1,0,89,0.0007781970919856258,15.5
666,100000031,88,60,37.2,resident,4,9,39,1.3861416979711223,11.8
667,100000031,88,60,37.2,worker,13,6,122,0.8776754201522814,14.600000000000001
668,100000031,88,60,37.2,worker,1,0,130,0.05177164015734313,9.5
669,100000031,88,60,37.2,worker,6,3,103,0.14917079602694083,14.700000000000001
670,100000031,88,60,37.2,worker,6,4,110,1.4325379950545405,11.9
671,100000031,88,60,37.2,worker,1,0,123,0.004707702290853306,8.8
672,100000031,88,60,37.2,worker,12,7,147,0.9126632902188094,15.100000000000001
673,100000031,88,60,37.2,worker,3,2,125,0.1341749683099399,14.100000000000001
674,100000031,88,60,37.2,worker,1,1,101,0.03542649862991894,11.5
675,100000031,88,60,37.2,worker,4,3,118,0.16325350009266745,18.1
676,100000031,88,60,37.2,worker,1,0,93,5.131724070724128e-7,10.100000000000001
677,100000031,88,60,37.2,worker,17,10,89,1.2838179335494588,10.600000000000001
678,100000031,88,60,37.2,worker,1,0,145,0.0004773555338848749,13.200000000000001
679,100000031,88,60,37.2,worker,3,1,147,0.1135726227445659,12.9
680,100000031,88,60,37.2,worker,1,0,99,5.887241159355686e-13,16.0
681,100000031,88,60,37.2,worker,1,0,127,0.0005042806836194306,13.4
682,100000031,88,60,37.2,worker,1,0,142,0.0009255802480942208,11.3
683,100000031,88,60,37.2,worker,8,4,113,0.574601688528451,12.4
684,100000031,88,60,37.2,worker,1,0,118,1.0937066584918102e-6,10.9
685,100000031,88,60,37.2,worker,1,0,142,0.00016288804084927563,15.200000000000001
686,100000031,88,60,37.2,worker,1,0,102,0.0754071718052554,15.0
687,100000031,88,60,37.2,worker,1,0,99,0.0004964672397391691,13.600000000000001
688,100000031,88,60,37.2,resident,0,2,77,0.06276436337367415,8.200000000000001
689,100000031,88,60,37.2,resident,0,1,68,4.673146253575741e-5,9.200000000000001
690,100000031,88,60,37.2,worker,33,22,99,7.539971295426806,11.0
691,100000031,88,60,37.2,worker,2,1,103,0.058358218024455774,13.4
692,100000031,88,60,37.2,resident,0,1,38,0.0015200596168903693,14.4
693,100000031,88,60,37.2,worker,2,0,92,0.013238284941399689,10.600000000000001
694,100000031,88,60,37.2,worker,6,3,90,0.5197136286978812,18.900000000000002
695,100000031,88,60,37.2,worker,5,4,109,0.24551498359540092,8.700000000000001
696,100000031,88,60,37.2,worker,1,0,129,2.4883353929516257e-7,13.0
697,100000031,88,60,37.2,worker,2,1,100,0.2972715052131273,14.100000000000001
698,100000031,88,60,37.2,worker,1,0,99,0.0008043634822331465,10.8
699,100000031,88,60,37.2,worker,2,0,97,0.02412410275527285,13.0
700,100000031,88,60,37.2,worker,8,6,95,0.6368707685661719,12.5
701,100000031,88,60,37.2,resident,0,1,20,4.813204054539583e-5,10.8
702,100000031,88,60,37.2,resident,0,1,36,0.056934197881347834,11.3
703,100000031,88,60,37.2,resident,2,9,81,0.46405015455003523,16.400000000000002
704,100000031,88,60,37.2,worker,1,0,109,7.446447771741218e-18,14.200000000000001
705,100000031,88,60,37.2,resident,0,1,38,6.444499321748228e-7,9.200000000000001
706,100000031,88,60,37.2,resident,3,5,10,0.6756727141255137,15.3
707,100000031,88,60,37.2,worker,1,0,134,1.6934101356483746e-7,13.100000000000001
708,100000031,88,60,37.2,worker,8,3,109,0.4280810679522848,10.600000000000001
709,100000031,88,60,37.2,worker,1,0,125,3.317648021112511e-9,12.600000000000001
710,100000031,88,60,37.2,worker,9,2,145,0.2586311745623893,22.5
711,100000031,88,60,37.2,worker,1,0,116,1.1601688277293172e-6,12.3
712,100000031,88,60,37.2,worker,8,1,130,0.19980212827322535,13.5
713,100000031,88,60,37.2,resident,4,4,47,0.5140307622773617,9.5
714,100000031,88,60,37.2,worker,13,6,140,0.7306544559800005,17.7
715,100000031,88,60,37.2,worker,1,0,145,9.706757952771857e-10,13.600000000000001
716,100000031,88,60,37.2,worker,1,0,120,0.0029425116557781077,11.100000000000001
717,100000031,88,60,37.2,worker,16,8,91,1.5404670637316764,13.3
718,100000031,88,60,37.2,worker,3,0,111,0.01639286717384398,14.200000000000001
719,100000031,88,60,37.2,worker,1,0,95,3.719134879552118e-5,7.800000000000001
720,100000031,88,60,37.2,worker,13,8,106,0.9300489058058085,12.8
721,100000031,88,60,37.2,resident,1,1,25,0.0007989611724270849,14.4
722,100000031,88,60,37.2,resident,0,1,60,4.526425879966164e-5,14.4
723,100000031,88,60,37.2,worker,1,1,100,0.06405987094466398,14.3
724,100000031,88,60,37.2,worker,11,5,90,1.1075665256053824,19.0
725,100000031,88,60,37.2,worker,1,0,114,6.508940542493022e-6,10.5
726,100000031,88,60,37.2,worker,2,0,130,0.001963516573350205,12.5
727,100000031,88,60,37.2,resident,0,1,25,0.22537156104814066,8.5
728,100000031,88,60,37.2,resident,0,1,58,0.009460756720537731,9.700000000000001
729,100000031,88,60,37.2,worker,1,0,90,3.530467564350841e-5,9.9
730,100000031,88,60,37.2,worker,1,0,122,6.0252312174768105e-6,10.0
731,100000031,88,60,37.2,worker,1,0,116,7.5661050727372e-6,19.0
732,100000031,88,60,37.2,worker,1,0,138,0.33360203575824743,9.3
733,100000031,88,60,37.2,worker,1,1,109,0.03282455318264747,12.5
734,100000031,88,60,37.2,worker,3,1,128,0.012532428124980859,15.8
735,100000031,88,60,37.2,worker,12,4,145,0.7580741481182645,13.0
736,100000031,88,60,37.2,worker,1,1,129,0.02274173415692258,9.8
737,100000031,88,60,37.2,resident,0,2,48,0.02979084313157489,16.1
738,100000031,88,60,37.2,worker,12,6,132,3.7290839236249114,12.8
739,100000031,88,60,37.2,worker,3,2,120,0.08296671327162565,14.8
740,100000031,88,60,37.2,worker,1,0,141,0.0007949483184487364,17.0
741,100000031,88,60,37.2,resident,0,1,31,0.000287263306828602,14.9
742,100000031,88,60,37.2,worker,1,0,96,0.13102084785779988,14.5
743,100000031,88,60,37.2,worker,1,0,95,0.011078120091099021,17.400000000000002
744,100000031,88,60,37.2,worker,28,17,128,1.8229332458633773,12.4
745,100000031,88,60,37.2,worker,20,12,93,3.4347808675385783,12.4
746,100000031,88,60,37.2,resident,0,1,46,2.8198949679344856e-7,17.400000000000002
747,100000031,88,60,37.2,resident,0,1,14,0.0010843613547166279,21.1
748,100000031,88,60,37.2,worker,1,0,124,7.962959587096798e-9,13.5
749,100000031,88,60,37.2,worker,1,0,99,0.0022042118052782982,14.100000000000001
750,100000031,88,60,37.2,worker,1,0,135,0.00016108724098890312,12.600000000000001
751,100000031,88,60,37.2,resident,0,1,25,0.010236947135114664,18.1
752,100000031,88,60,37.2,resident,0,1,52,2.5168568586855934e-10,11.600000000000001
753,100000031,88,60,37.2,worker,13,11,105,0.707502873587966,8.9
754,100000031,88,60,37.2,resident,0,1,42,0.00016650923606983188,8.9
755,100000031,88,60,37.2,worker,1,0,100,2.507250735885482e-7,8.9
756,100000031,88,60,37.2,resident,0,1,82,1.3183736351018864e-14,10.4
757,100000031,88,60,37.2,resident,1,2,52,0.046405218223808886,13.700000000000001
758,100000031,88,60,37.2,worker,11,6,117,0.6367827049670161,17.0
759,100000031,88,60,37.2,worker,1,0,130,1.1753871183158178e-7,11.100000000000001
760,100000031,88,60,37.2,worker,1,0,145,0.010604758405495863,8.8
761,100000031,88,60,37.2,worker,2,2,110,0.1363323938480271,13.100000000000001
762,100000031,88,60,37.2,worker,4,1,106,0.11755410306998162,12.700000000000001
763,100000031,88,60,37.2,worker,1,0,147,0.003748762858061971,11.700000000000001
764,100000031,88,60,37.2,worker,1,0,140,2.6502768414393548e-5,11.5
765,100000031,88,60,37.2,worker,1,0,105,0.007062515821207635,12.5
766,100000031,88,60,37.2,worker,2,0,109,0.02046888079519208,12.9
767,100000031,88,60,37.2,worker,3,1,147,0.06810488353096664,14.4
768,100000031,88,60,37.2,worker,1,0,143,1.5181988195941699e-6,12.700000000000001
769,100000031,88,60,37.2,worker,22,12,100,8.632845219956948,14.600000000000001
770,100000031,88,60,37.2,resident,0,1,47,0.0018305786546106895,15.3
771,100000031,88,60,37.2,resident,2,2,13,0.25333038641067274,13.8
772,100000031,88,60,37.2,worker,1,0,97,0.0003294265747130886,13.5
773,100000031,88,60,37.2,worker,1,0,106,0.00017728203531639435,9.5
774,100000031,88,60,37.2,worker,32,16,123,2.773720331195957,10.5
775,100000031,88,60,37.2,resident,0,1,81,0.002374767418884054,14.700000000000001
776,100000031,88,60,37.2,worker,1,0,101,0.011321441426150233,12.5
777,100000031,88,60,37.2,worker,1,0,96,0.0001235720854082803,10.100000000000001
778,100000031,88,60,37.2,worker,17,12,101,0.9404036247821563,14.3
779,100000031,88,60,37.2,worker,1,0,137,1.804988427413905e-6,11.700000000000001
780,100000031,88,60,37.2,worker,1,0,136,0.00034658161275180415,12.9
781,100000031,88,60,37.2,resident,0,1,13,0.015363471151371214,9.5
782,100000031,88,60,37.2,worker,2,0,148,0.06290616830191484,10.4
783,100000031,88,60,37.2,resident,0,4,25,0.18399464100618496,16.6
784,100000031,88,60,37.2,resident,5,8,25,1.9728099416098834,10.200000000000001
785,100000031,88,60,37.2,resident,0,1,10,0.018052663683978374,10.9
786,100000031,88,60,37.2,worker,18,7,123,0.5634380026944964,11.0
787,100000031,88,60,37.2,worker,1,0,116,7.435734944063216e-9,18.7
788,100000031,88,60,37.2,worker,13,10,123,0.4072758410778147,16.2
789,100000031,88,60,37.2,resident,0,1,27,0.005951783718640556,10.200000000000001
790,100000031,88,60,37.2,worker,1,0,115,7.386558350332999e-7,14.5
791,100000031,88,60,37.2,worker,1,0,124,0.0021143948031896614,15.100000000000001
792,100000031,88,60,37.2,worker,2,0,96,0.2035737581255065,9.0
793,100000031,88,60,37.2,worker,1,0,127,7.250069156752732e-15,14.5
794,100000031,88,60,37.2,worker,3,0,94,0.019204324522472227,10.200000000000001
795,100000031,88,60,37.2,resident,0,1,30,0.0040064258395934626,15.0
796,100000031,88,60,37.2,worker,1,0,127,0.018653280653423827,9.5
797,100000031,88,60,37.2,worker,25,15,109,1.4289364234360924,10.5
798,100000031,88,60,37.2,worker,3,1,99,0.19837688390939606,12.4
799,100000031,88,60,37.2,resident,0,6,48,0.5446490548654729,8.9
800,100000031,88,60,37.2,worker,9,9,125,1.2855686698289905,11.600000000000001
801,100000031,88,60,37.2,worker,1,0,121,0.00646320737384155,16.0
802,100000031,88,60,37.2,worker,42,29,129,9.286732105708438,13.700000000000001
803,100000031,88,60,37.2,worker,12,8,97,1.639188796432926,12.8
804,100000031,88,60,37.2,worker,1,0,132,0.0007923671988254181,10.0
805,100000031,88,60,37.2,worker,5,0,112,0.08124427968114309,13.3
806,100000031,88,60,37.2,worker,3,0,127,0.043800519540844136,11.9
807,100000031,88,60,37.2,worker,1,0,127,0.0001428703974846271,11.5
808,100000031,88,60,37.2,worker,1,0,92,0.001990827402076075,14.0
809,100000031,88,60,37.2,resident,0,1,7,0.002448880318852563,13.3
810,100000031,88,60,37.2,worker,8,5,108,0.8487630624305075,12.5
811,100000031,88,60,37.2,worker,1,0,112,6.037711629490581e-10,9.200000000000001
812,100000031,88,60,37.2,worker,2,0,113,0.054483080672873316,11.100000000000001
813,100000031,88,60,37.2,resident,0,3,83,0.17391363267983653,8.200000000000001
814,100000031,88,60,37.2,resident,0,1,56,8.489096969922925e-8,15.100000000000001
815,100000031,88,60,37.2,worker,17,12,140,2.6963360402728154,10.0
816,100000031,88,60,37.2,worker,1,0,140,7.302152378163066e-7,16.0
817,100000031,88,60,37.2,worker,2,0,105,0.015556659429309463,13.3
818,100000031,88,60,37.2,worker,18,4,107,0.9424027681583771,12.8
819,100000031,88,60,37.2,resident,0,1,38,7.758450565955598e-5,12.9
820,100000031,88,60,37.2,worker,1,0,89,0.005104611141749375,8.3
821,100000031,88,60,37.2,worker,1,0,138,0.02380240460943449,10.600000000000001
822,100000031,88,60,37.2,resident,5,11,55,0.6236616322726113,13.200000000000001
823,100000031,88,60,37.2,resident,7,10,44,0.9797770049975401,12.600000000000001
824,100000031,88,60,37.2,resident,0,1,63,0.001627361764156625,15.0
825,100000031,88,60,37.2,resident,0,1,39,1.0726206093600023e-5,11.3
826,100000031,88,60,37.2,resident,0,1,71,2.3791671668819313e-16,14.5
827,100000031,88,60,37.2,resident,0,1,23,0.04842493100922418,18.5
828,100000031,88,60,37.2,resident,3,7,76,1.1723843076758744,11.9
829,100000031,88,60,37.2,worker,16,11,140,1.806140478948234,9.8
830,100000031,88,60,37.2,worker,1,0,103,0.010547558720565932,11.8
831,100000031,88,60,37.2,worker,1,0,117,5.761652539333588e-6,12.600000000000001
832,100000031,88,60,37.2,worker,1,1,100,0.041295387089105164,22.400000000000002
833,100000031,88,60,37.2,worker,6,2,92,0.35030959564381625,14.4
834,100000031,88,60,37.2,resident,0,1,60,0.00819293107400463,19.8
835,100000031,88,60,37.2,worker,1,1,101,0.003908989498623398,10.100000000000001
836,100000031,88,60,37.2,worker,31,15,117,6.023654082603783,15.3
837,100000031,88,60,37.2,worker,1,0,104,1.601397905123705e-5,13.3
838,100000031,88,60,37.2,worker,1,0,128,0.00910829638764751,10.4
839,100000031,88,60,37.2,worker,1,0,92,5.550020077608888e-5,14.4
840,100000031,88,60,37.2,worker,10,8,89,0.8419609540284333,12.600000000000001
841,100000031,88,60,37.2,worker,13,7,123,0.4153461896034204,10.3
842,100000031,88,60,37.2,worker,34,21,126,9.153915731260742,17.8
843,100000031,88,60,37.2,worker,2,0,105,0.02143672285553992,8.6
844,100000031,88,60,37.2,worker,14,7,94,1.418199756201141,12.100000000000001
845,100000031,88,60,37.2,resident,0,1,25,0.0048760374032020964,7.800000000000001
846,100000031,88,60,37.2,resident,0,1,80,1.1045745646598702e-5,13.8
847,100000031,88,60,37.2,worker,1,0,106,0.0010735096810830637,14.4
848,100000031,88,60,37.2,worker,5,2,140,0.1643286022084038,15.600000000000001
849,100000031,88,60,37.2,worker,1,0,120,0.00017105705784481296,9.3
850,100000031,88,60,37.2,resident,0,1,33,0.004138878865302755,10.700000000000001
851,100000031,88,60,37.2,worker,1,0,123,2.372006970441789e-6,15.4
852,100000031,88,60,37.2,worker,1,0,123,9.669472954337105e-5,12.600000000000001
853,100000031,88,60,37.2,worker,1,0,96,0.00018351791943761454,12.4
854,100000031,88,60,37.2,worker,1,0,126,0.008590911987298845,11.4
855,100000031,88,60,37.2,worker,1,0,105,8.411481932609356e-5,9.600000000000001
856,100000031,88,60,37.2,worker,1,0,120,0.005946213345378756,12.0
857,100000031,88,60,37.2,worker,17,5,129,0.4286130163577863,12.700000000000001
858,100000031,88,60,37.2,resident,0,1,52,0.0015876022024850223,13.9
859,100000031,88,60,37.2,worker,15,7,101,0.7419691519726436,9.700000000000001
860,100000031,88,60,37.2,worker,1,0,121,0.005015184101306556,15.100000000000001
861,100000031,88,60,37.2,worker,1,0,99,0.015989644058632527,11.0
862,100000031,88,60,37.2,worker,1,0,137,0.00024120845003736737,11.3
863,100000031,88,60,37.2,worker,1,0,123,8.534625156712487e-9,11.0
864,100000031,88,60,37.2,resident,0,1,12,0.00044574236323509565,12.8
865,100000031,88,60,37.2,resident,0,1,40,8.805669253247442e-9,15.5
866,100000031,88,60,37.2,worker,25,9,116,2.9868081816313468,10.3
867,100000031,88,60,37.2,worker,1,0,119,0.0001348662447636247,10.4
868,100000031,88,60,37.2,worker,4,0,95,0.184277917137452,13.4
869,100000031,88,60,37.2,resident,0,1,87,8.88037612299585e-12,15.600000000000001
870,100000031,88,60,37.2,resident,0,1,21,0.0006069659081211001,6.0
871,100000031,88,60,37.2,worker,1,0,115,0.045168199132988245,8.200000000000001
872,100000031,88,60,37.2,worker,1,0,89,0.0039204939360324344,11.5
873,100000031,88,60,37.2,worker,1,0,136,3.6545111404640986e-8,15.3
874,100000031,88,60,37.2,worker,1,0,107,0.0045417110602655715,16.6
875,100000031,88,60,37.2,worker,2,0,119,0.15668071264678204,11.5
876,100000031,88,60,37.2,worker,1,1,141,0.042052200165685484,18.900000000000002
877,100000031,88,60,37.2,worker,16,11,90,2.304384761443877,14.3
878,100000031,88,60,37.2,resident,3,7,31,0.6120606607098362,14.5
879,100000031,88,60,37.2,worker,3,1,128,0.07344615414834117,13.3
880,100000031,88,60,37.2,worker,2,0,129,0.01253788261371443,11.0
881,100000031,88,60,37.2,resident,0,1,85,3.2606861754743395e-8,15.9
882,100000031,88,60,37.2,resident,0,2,68,0.038313536250050344,12.8
883,100000031,88,60,37.2,worker,2,3,116,0.15293196474686874,13.8
884,100000031,88,60,37.2,worker,3,2,104,0.22258972070130761,8.0
885,100000031,88,60,37.2,worker,1,0,123,5.134551642121071e-6,13.9
886,100000031,88,60,37.2,worker,4,0,101,0.025706833956718914,12.8
887,100000031,88,60,37.2,worker,1,0,119,0.000321504053796918,12.3
888,100000031,88,60,37.2,worker,2,1,117,0.12412329957563399,12.9
889,100000031,88,60,37.2,resident,0,1,86,7.974519759693803e-7,17.5
890,100000031,88,60,37.2,resident,1,2,54,0.11789897058279546,16.900000000000002
891,100000031,88,60,37.2,worker,3,2,114,0.27489418904444174,9.3
892,100000031,88,60,37.2,worker,21,11,107,2.635349902718649,12.4
893,100000031,88,60,37.2,worker,1,0,147,0.0005077559809814131,11.4
894,100000031,88,60,37.2,worker,1,0,109,0.001277357671721538,14.3
895,100000031,88,60,37.2,worker,1,0,95,0.000731055050454907,11.8
896,100000031,88,60,37.2,worker,1,0,139,4.06160915963671e-6,9.9
897,100000031,88,60,37.2,resident,0,2,73,0.20267865905220286,18.8
898,100000031,88,60,37.2,worker,5,3,117,0.257367720181986,12.3
899,100000031,88,60,37.2,worker,23,13,106,6.63933565245128,11.0
900,100000031,88,60,37.2,worker,1,0,94,0.0335737967968148,10.3
901,100000031,88,60,37.2,worker,1,0,131,9.592061831025376e-8,13.4
902,100000031,88,60,37.2,worker,1,0,112,1.221930148666853e-6,10.4
903,100000031,88,60,37.2,resident,0,1,66,0.00339854296836788,10.200000000000001
904,100000031,88,60,37.2,worker,13,7,114,5.405112269017346,12.600000000000001
905,100000031,88,60,37.2,worker,1,0,147,0.014099913732769552,13.9
906,100000031,88,60,37.2,worker,1,0,94,0.0002114423643155999,12.200000000000001
907,100000031,88,60,37.2,resident,0,1,22,2.1461697151850778e-5,10.5
908,100000031,88,60,37.2,worker,3,0,94,0.09048938437308665,14.0
909,100000031,88,60,37.2,resident,0,2,49,0.08994432206329976,11.600000000000001
910,100000031,88,60,37.2,resident,0,1,5,1.113293635088861e-5,11.5
911,100000031,88,60,37.2,resident,0,1,6,5.228489320151142e-5,10.5
912,100000031,88,60,37.2,resident,0,1,66,4.799001927507116e-5,11.100000000000001
913,100000031,88,60,37.2,worker,1,0,117,0.001042964103693826,16.0
914,100000031,88,60,37.2,worker,2,0,91,0.04239514336045631,9.200000000000001
915,100000031,88,60,37.2,worker,20,12,128,0.8186086141322773,15.9
916,100000031,88,60,37.2,worker,1,0,99,1.934201024963312e-20,17.6
917,100000031,88,60,37.2,worker,1,0,98,2.1769037012008646e-12,12.4
918,100000031,88,60,37.2,worker,1,0,133,3.838051198713689e-9,9.700000000000001
919,100000031,88,60,37.2,worker,1,0,101,1.1552633345756901e-9,11.0
920,100000031,88,60,37.2,worker,9,4,123,0.18693889258385246,12.3
921,100000031,88,60,37.2,resident,3,5,39,0.982156372878315,9.9
922,100000031,88,60,37.2,resident,0,1,32,3.6722107485377407e-7,10.600000000000001
923,100000031,88,60,37.2,worker,1,0,127,7.982293651033164e-6,9.5
924,100000031,88,60,37.2,worker,1,0,129,0.006950104626632656,20.5
925,100000031,88,60,37.2,worker,2,0,128,0.06083490743717557,10.9
926,100000031,88,60,37.2,worker,1,0,144,0.021271754893108206,13.4
927,100000031,88,60,37.2,worker,7,0,145,0.736355708043822,8.0
928,100000031,88,60,37.2,resident,0,1,29,0.0009349561853498437,10.100000000000001
929,100000031,88,60,37.2,worker,1,0,103,1.5710766045931438e-5,12.100000000000001
930,100000031,88,60,37.2,worker,1,0,137,0.0013442514309175637,17.3
931,100000031,88,60,37.2,worker,29,12,97,3.7931819647160077,13.4
932,100000031,88,60,37.2,worker,12,4,117,0.8529890825025644,9.600000000000001
933,100000031,88,60,37.2,worker,1,0,125,0.0068003062833776615,11.700000000000001
934,100000031,88,60,37.2,resident,2,5,27,0.24175969573689554,14.5
935,100000031,88,60,37.2,worker,1,0,124,7.639503384337512e-6,9.9
936,100000031,88,60,37.2,worker,13,3,148,0.3958533369273183,15.600000000000001
937,100000031,88,60,37.2,worker,1,0,94,0.000717179097348334,16.6
938,100000031,88,60,37.2,worker,1,1,122,0.049693183754234316,14.3
939,100000031,88,60,37.2,resident,0,2,79,0.04562341253966065,14.600000000000001
940,100000031,88,60,37.2,worker,1,0,94,0.0020123083269897456,12.4
941,100000031,88,60,37.2,worker,7,3,116,0.1947107683802493,15.0
942,100000031,88,60,37.2,worker,2,1,118,0.03997331713652785,11.100000000000001
943,100000031,88,60,37.2,worker,1,0,130,3.7426745598472124e-6,14.700000000000001
944,100000031,88,60,37.2,worker,1,0,143,3.340658869435002e-8,14.100000000000001
945,100000031,88,60,37.2,worker,4,2,135,1.125093016450073,10.8
946,100000031,88,60,37.2,worker,1,0,123,0.005525908420329689,13.5
947,100000031,88,60,37.2,resident,0,1,3,0.042154491385423244,17.1
948,100000031,88,60,37.2,worker,1,0,117,0.0037287717885903645,14.200000000000001
949,100000031,88,60,37.2,resident,2,10,70,0.599405300835443,16.6
950,100000031,88,60,37.2,worker,10,4,119,0.44257181631633546,18.6
951,100000031,88,60,37.2,resident,0,1,85,0.00019040639964099703,11.4
952,100000031,88,60,37.2,worker,1,0,98,1.2883407215517863e-7,12.9
953,100000031,88,60,37.2,resident,1,9,56,0.5223138663900547,15.0
954,100000031,88,60,37.2,worker,1,0,123,0.01770330730891578,20.400000000000002
955,100000031,88,60,37.2,worker,1,0,126,0.000798022087352762,12.600000000000001
956,100000031,88,60,37.2,resident,0,3,47,0.15025040588041558,12.9
957,100000031,88,60,37.2,resident,3,3,53,0.7002503345549475,12.4
958,100000031,88,60,37.2,worker,26,19,99,2.364415772904727,13.9
959,100000031,88,60,37.2,worker,25,14,123,1.0664653147661645,13.9
960,100000031,88,60,37.2,worker,1,0,127,0.0007495169215154516,11.0
961,100000031,88,60,37.2,worker,24,13,112,1.9981903289385285,11.9
962,100000031,88,60,37.2,worker,1,0,123,9.886481219983375e-7,16.400000000000002
963,100000031,88,60,37.2,resident,2,3,14,0.332171638452067,12.0
964,100000031,88,60,37.2,worker,1,0,99,5.381037107826199e-6,12.100000000000001
965,100000031,88,60,37.2,worker,29,14,101,1.5706716680482216,12.700000000000001
966,100000031,88,60,37.2,worker,1,2,127,0.0376773029257958,11.600000000000001
967,100000031,88,60,37.2,worker,1,0,107,0.0074762047662674195,10.100000000000001
968,100000031,88,60,37.2,resident,1,1,86,0.037075037081144166,10.9
969,100000031,88,60,37.2,worker,1,1,113,0.09383288580744567,16.8
970,100000031,88,60,37.2,worker,1,1,105,0.007151386085234522,12.100000000000001
971,100000031,88,60,37.2,worker,1,0,104,0.00045732503070135445,9.700000000000001
972,100000031,88,60,37.2,resident,0,1,9,1.0815972625016513e-9,11.0
973,100000031,88,60,37.2,worker,17,6,98,1.2316713893753677,11.100000000000001
974,100000031,88,60,37.2,worker,1,0,136,0.0004721751963074654,10.0
975,100000031,88,60,37.2,worker,1,0,99,0.0002544269943388052,13.700000000000001
976,100000031,88,60,37.2,worker,1,0,100,0.045231628539592277,12.0
977,100000031,88,60,37.2,worker,4,1,109,0.05102893035541056,8.6
978,100000031,88,60,37.2,worker,1,0,111,1.2034272994550241e-8,20.3
979,100000031,88,60,37.2,resident,0,1,50,0.014623588432645126,9.3
980,100000031,88,60,37.2,resident,0,1,8,0.00034270866807352223,14.0
981,100000031,88,60,37.2,worker,26,17,109,1.6766071801244404,14.3
982,100000031,88,60,37.2,worker,1,0,107,0.018754854492991566,10.9
983,100000031,88,60,37.2,worker,11,9,118,0.5764199081260378,15.200000000000001
984,100000031,88,60,37.2,worker,22,8,118,2.0439678288584697,13.0
985,100000031,88,60,37.2,worker,1,0,105,2.2893403408973043e-7,10.200000000000001
986,100000031,88,60,37.2,worker,7,1,125,0.3034532823007499,14.100000000000001
987,100000031,88,60,37.2,worker,1,0,141,0.00011420006290101827,11.9
988,100000031,88,60,37.2,worker,27,17,126,5.279700455892088,14.9
989,100000031,88,60,37.2,worker,1,0,140,0.00039870057860995876,16.6
990,100000031,88,60,37.2,resident,0,1,50,0.016070394273016823,9.200000000000001
991,100000031,88,60,37.2,worker,1,0,101,6.086921398964919e-5,16.6
992,100000031,88,60,37.2,resident,10,15,70,1.3399779950618327,15.600000000000001
993,100000031,88,60,37.2,worker,7,1,142,1.0847602167368262,12.0
994,100000031,88,60,37.2,resident,3,4,6,0.25131077549374115,7.4
995,100000031,88,60,37.2,worker,10,2,128,0.3515401623055619,11.0
996,100000031,88,60,37.2,worker,2,0,111,0.18782691445965033,14.100000000000001
997,100000031,88,60,37.2,worker,1,0,112,4.998019843362965e-7,13.600000000000001
998,100000031,88,60,37.2,worker,2,1,89,0.08421242264511439,11.600000000000001
999,100000031,88,60,37.2,resident,0,1,1,3.4320825528886376e-5,11.3
1000,100000031,88,60,37.2,worker,1,0,148,0.024474953101952978,12.5
